#HEADER HOG GOLD TEXT FILE
#BEGIN Y:2015 M:11 D:12 Time:16:10:40
#IT Ite:0 KerTime:0.417525 AccTime:0.417525
#ERR 135,67,844,477,911,612
#ERR 151,75,1216,573,1291,724
#ERR 179,89,759,674,848,853
#ERR 205,102,899,654,1001,859
#ERR 194,97,589,728,686,922
#ERR 299,150,1050,598,1200,897
#ERR 111,55,157,485,212,596
#ERR 132,66,894,372,960,504
#ERR 249,124,486,642,610,891
#ERR 273,136,785,68,921,341
#ERR 336,168,795,610,963,946
#ERR 315,158,1231,602,1389,917
#ERR 261,130,848,250,978,511
#ERR 345,173,264,595,437,940
#ERR 120,60,1174,522,1234,642
#SDC Ite:0 KerTime:0.417525 AccTime:0.417525 KerErr:1 AccErr:1
#IT Ite:1 KerTime:0.400746 AccTime:0.818271
#ERR 135,67,844,477,911,612
#ERR 151,75,1216,573,1291,724
#ERR 179,89,759,674,848,853
#ERR 205,102,899,654,1001,859
#ERR 194,97,589,728,686,922
#ERR 132,66,894,372,960,504
#ERR 111,55,157,485,212,596
#ERR 120,60,1174,522,1234,642
#ERR 299,150,1050,598,1200,897
#ERR 273,136,785,68,921,341
#ERR 261,130,848,250,978,511
#ERR 249,124,486,642,610,891
#ERR 336,168,795,610,963,946
#ERR 345,173,264,595,437,940
#ERR 315,158,1231,602,1389,917
#SDC Ite:1 KerTime:0.400746 AccTime:0.818271 KerErr:2 AccErr:3
#IT Ite:2 KerTime:0.383582 AccTime:1.201853
#ERR 151,75,1216,573,1291,724
#ERR 179,89,759,674,848,853
#ERR 205,102,899,654,1001,859
#ERR 194,97,589,728,686,922
#ERR 135,67,844,477,911,612
#ERR 132,66,894,372,960,504
#ERR 299,150,1050,598,1200,897
#ERR 249,124,486,642,610,891
#ERR 273,136,785,68,921,341
#ERR 261,130,848,250,978,511
#ERR 111,55,157,485,212,596
#ERR 120,60,1174,522,1234,642
#ERR 345,173,264,595,437,940
#ERR 336,168,795,610,963,946
#ERR 315,158,1231,602,1389,917
#SDC Ite:2 KerTime:0.383582 AccTime:1.201853 KerErr:3 AccErr:6
#IT Ite:3 KerTime:0.385941 AccTime:1.587794
#ERR 135,67,844,477,911,612
#ERR 151,75,1216,573,1291,724
#ERR 179,89,759,674,848,853
#ERR 132,66,894,372,960,504
#ERR 205,102,899,654,1001,859
#ERR 194,97,589,728,686,922
#ERR 111,55,157,485,212,596
#ERR 120,60,1174,522,1234,642
#ERR 299,150,1050,598,1200,897
#ERR 273,136,785,68,921,341
#ERR 261,130,848,250,978,511
#ERR 249,124,486,642,610,891
#ERR 336,168,795,610,963,946
#ERR 345,173,264,595,437,940
#ERR 315,158,1231,602,1389,917
#SDC Ite:3 KerTime:0.385941 AccTime:1.587794 KerErr:4 AccErr:10
#IT Ite:4 KerTime:0.387739 AccTime:1.975533
#ERR 132,66,894,372,960,504
#ERR 111,55,157,485,212,596
#ERR 135,67,844,477,911,612
#ERR 120,60,1174,522,1234,642
#ERR 151,75,1216,573,1291,724
#ERR 179,89,759,674,848,853
#ERR 205,102,899,654,1001,859
#ERR 194,97,589,728,686,922
#ERR 299,150,1050,598,1200,897
#ERR 273,136,785,68,921,341
#ERR 261,130,848,250,978,511
#ERR 249,124,486,642,610,891
#ERR 336,168,795,610,963,946
#ERR 345,173,264,595,437,940
#ERR 315,158,1231,602,1389,917
#SDC Ite:4 KerTime:0.387739 AccTime:1.975533 KerErr:5 AccErr:15
#IT Ite:5 KerTime:0.399542 AccTime:2.375075
#ERR 132,66,894,372,960,504
#ERR 111,55,157,485,212,596
#ERR 135,67,844,477,911,612
#ERR 120,60,1174,522,1234,642
#ERR 151,75,1216,573,1291,724
#ERR 179,89,759,674,848,853
#ERR 205,102,899,654,1001,859
#ERR 194,97,589,728,686,922
#ERR 299,150,1050,598,1200,897
#ERR 273,136,785,68,921,341
#ERR 336,168,795,610,963,946
#ERR 261,130,848,250,978,511
#ERR 249,124,486,642,610,891
#ERR 315,158,1231,602,1389,917
#ERR 345,173,264,595,437,940
#SDC Ite:5 KerTime:0.399542 AccTime:2.375075 KerErr:6 AccErr:21
#IT Ite:6 KerTime:0.406300 AccTime:2.781375
#ERR 135,67,844,477,911,612
#ERR 151,75,1216,573,1291,724
#ERR 179,89,759,674,848,853
#ERR 205,102,899,654,1001,859
#ERR 194,97,589,728,686,922
#ERR 111,55,157,485,212,596
#ERR 132,66,894,372,960,504
#ERR 120,60,1174,522,1234,642
#ERR 299,150,1050,598,1200,897
#ERR 273,136,785,68,921,341
#ERR 261,130,848,250,978,511
#ERR 249,124,486,642,610,891
#ERR 336,168,795,610,963,946
#ERR 345,173,264,595,437,940
#ERR 315,158,1231,602,1389,917
#SDC Ite:6 KerTime:0.406300 AccTime:2.781375 KerErr:7 AccErr:28
#IT Ite:7 KerTime:0.401247 AccTime:3.182622
#ERR 111,55,157,485,212,596
#ERR 135,67,844,477,911,612
#ERR 120,60,1174,522,1234,642
#ERR 151,75,1216,573,1291,724
#ERR 179,89,759,674,848,853
#ERR 205,102,899,654,1001,859
#ERR 194,97,589,728,686,922
#ERR 132,66,894,372,960,504
#ERR 299,150,1050,598,1200,897
#ERR 273,136,785,68,921,341
#ERR 261,130,848,250,978,511
#ERR 249,124,486,642,610,891
#ERR 336,168,795,610,963,946
#ERR 345,173,264,595,437,940
#ERR 315,158,1231,602,1389,917
#SDC Ite:7 KerTime:0.401247 AccTime:3.182622 KerErr:8 AccErr:36
#IT Ite:8 KerTime:0.402654 AccTime:3.585276
#ERR 151,75,1216,573,1291,724
#ERR 179,89,759,674,848,853
#ERR 205,102,899,654,1001,859
#ERR 194,97,589,728,686,922
#ERR 135,67,844,477,911,612
#ERR 132,66,894,372,960,504
#ERR 111,55,157,485,212,596
#ERR 120,60,1174,522,1234,642
#ERR 299,150,1050,598,1200,897
#ERR 273,136,785,68,921,341
#ERR 261,130,848,250,978,511
#ERR 249,124,486,642,610,891
#ERR 336,168,795,610,963,946
#ERR 345,173,264,595,437,940
#ERR 315,158,1231,602,1389,917
#SDC Ite:8 KerTime:0.402654 AccTime:3.585276 KerErr:9 AccErr:45
#IT Ite:9 KerTime:0.383138 AccTime:3.968414
#ERR 132,66,894,372,960,504
#ERR 135,67,844,477,911,612
#ERR 151,75,1216,573,1291,724
#ERR 179,89,759,674,848,853
#ERR 111,55,157,485,212,596
#ERR 205,102,899,654,1001,859
#ERR 194,97,589,728,686,922
#ERR 120,60,1174,522,1234,642
#ERR 299,150,1050,598,1200,897
#ERR 273,136,785,68,921,341
#ERR 336,168,795,610,963,946
#ERR 261,130,848,250,978,511
#ERR 249,124,486,642,610,891
#ERR 315,158,1231,602,1389,917
#ERR 345,173,264,595,437,940
#SDC Ite:9 KerTime:0.383138 AccTime:3.968414 KerErr:10 AccErr:55
#IT Ite:10 KerTime:0.413231 AccTime:4.381645
#ERR 132,66,894,372,960,504
#ERR 135,67,844,477,911,612
#ERR 151,75,1216,573,1291,724
#ERR 179,89,759,674,848,853
#ERR 205,102,899,654,1001,859
#ERR 194,97,589,728,686,922
#ERR 111,55,157,485,212,596
#ERR 120,60,1174,522,1234,642
#ERR 299,150,1050,598,1200,897
#ERR 273,136,785,68,921,341
#ERR 261,130,848,250,978,511
#ERR 249,124,486,642,610,891
#ERR 336,168,795,610,963,946
#ERR 345,173,264,595,437,940
#ERR 315,158,1231,602,1389,917
#SDC Ite:10 KerTime:0.413231 AccTime:4.381645 KerErr:11 AccErr:66
#IT Ite:11 KerTime:0.408385 AccTime:4.790030
#ERR 132,66,894,372,960,504
#ERR 135,67,844,477,911,612
#ERR 151,75,1216,573,1291,724
#ERR 179,89,759,674,848,853
#ERR 205,102,899,654,1001,859
#ERR 194,97,589,728,686,922
#ERR 111,55,157,485,212,596
#ERR 120,60,1174,522,1234,642
#ERR 299,150,1050,598,1200,897
#ERR 249,124,486,642,610,891
#ERR 273,136,785,68,921,341
#ERR 261,130,848,250,978,511
#ERR 345,173,264,595,437,940
#ERR 336,168,795,610,963,946
#ERR 315,158,1231,602,1389,917
#SDC Ite:11 KerTime:0.408385 AccTime:4.790030 KerErr:12 AccErr:78
#IT Ite:12 KerTime:0.380320 AccTime:5.170350
#ERR 135,67,844,477,911,612
#ERR 151,75,1216,573,1291,724
#ERR 179,89,759,674,848,853
#ERR 205,102,899,654,1001,859
#ERR 194,97,589,728,686,922
#ERR 132,66,894,372,960,504
#ERR 111,55,157,485,212,596
#ERR 120,60,1174,522,1234,642
#ERR 299,150,1050,598,1200,897
#ERR 249,124,486,642,610,891
#ERR 273,136,785,68,921,341
#ERR 261,130,848,250,978,511
#ERR 336,168,795,610,963,946
#ERR 345,173,264,595,437,940
#ERR 315,158,1231,602,1389,917
#SDC Ite:12 KerTime:0.380320 AccTime:5.170350 KerErr:13 AccErr:91
#IT Ite:13 KerTime:0.379336 AccTime:5.549686
#ERR 132,66,894,372,960,504
#ERR 111,55,157,485,212,596
#ERR 135,67,844,477,911,612
#ERR 120,60,1174,522,1234,642
#ERR 151,75,1216,573,1291,724
#ERR 179,89,759,674,848,853
#ERR 205,102,899,654,1001,859
#ERR 194,97,589,728,686,922
#ERR 299,150,1050,598,1200,897
#ERR 273,136,785,68,921,341
#ERR 336,168,795,610,963,946
#ERR 261,130,848,250,978,511
#ERR 249,124,486,642,610,891
#ERR 315,158,1231,602,1389,917
#ERR 345,173,264,595,437,940
#SDC Ite:13 KerTime:0.379336 AccTime:5.549686 KerErr:14 AccErr:105
#IT Ite:14 KerTime:0.407229 AccTime:5.956915
#ERR 132,66,894,372,960,504
#ERR 111,55,157,485,212,596
#ERR 135,67,844,477,911,612
#ERR 120,60,1174,522,1234,642
#ERR 151,75,1216,573,1291,724
#ERR 179,89,759,674,848,853
#ERR 205,102,899,654,1001,859
#ERR 194,97,589,728,686,922
#ERR 299,150,1050,598,1200,897
#ERR 273,136,785,68,921,341
#ERR 261,130,848,250,978,511
#ERR 249,124,486,642,610,891
#ERR 345,173,264,595,437,940
#ERR 336,168,795,610,963,946
#ERR 315,158,1231,602,1389,917
#SDC Ite:14 KerTime:0.407229 AccTime:5.956915 KerErr:15 AccErr:120
#IT Ite:15 KerTime:0.396512 AccTime:6.353427
#ERR 151,75,1216,573,1291,724
#ERR 179,89,759,674,848,853
#ERR 205,102,899,654,1001,859
#ERR 194,97,589,728,686,922
#ERR 135,67,844,477,911,612
#ERR 132,66,894,372,960,504
#ERR 111,55,157,485,212,596
#ERR 120,60,1174,522,1234,642
#ERR 299,150,1050,598,1200,897
#ERR 273,136,785,68,921,341
#ERR 261,130,848,250,978,511
#ERR 249,124,486,642,610,891
#ERR 336,168,795,610,963,946
#ERR 345,173,264,595,437,940
#ERR 315,158,1231,602,1389,917
#SDC Ite:15 KerTime:0.396512 AccTime:6.353427 KerErr:16 AccErr:136
#IT Ite:16 KerTime:0.365316 AccTime:6.718743
#ERR 111,55,157,485,212,596
#ERR 135,67,844,477,911,612
#ERR 120,60,1174,522,1234,642
#ERR 151,75,1216,573,1291,724
#ERR 179,89,759,674,848,853
#ERR 205,102,899,654,1001,859
#ERR 194,97,589,728,686,922
#ERR 132,66,894,372,960,504
#ERR 299,150,1050,598,1200,897
#ERR 345,173,264,595,437,940
#ERR 336,168,795,610,963,946
#ERR 315,158,1231,602,1389,917
#ERR 273,136,785,68,921,341
#ERR 261,130,848,250,978,511
#ERR 249,124,486,642,610,891
#SDC Ite:16 KerTime:0.365316 AccTime:6.718743 KerErr:17 AccErr:153
#IT Ite:17 KerTime:0.400176 AccTime:7.118919
#ERR 135,67,844,477,911,612
#ERR 151,75,1216,573,1291,724
#ERR 179,89,759,674,848,853
#ERR 205,102,899,654,1001,859
#ERR 194,97,589,728,686,922
#ERR 111,55,157,485,212,596
#ERR 132,66,894,372,960,504
#ERR 120,60,1174,522,1234,642
#ERR 299,150,1050,598,1200,897
#ERR 249,124,486,642,610,891
#ERR 273,136,785,68,921,341
#ERR 336,168,795,610,963,946
#ERR 261,130,848,250,978,511
#ERR 345,173,264,595,437,940
#ERR 315,158,1231,602,1389,917
#SDC Ite:17 KerTime:0.400176 AccTime:7.118919 KerErr:18 AccErr:171
#IT Ite:18 KerTime:0.387130 AccTime:7.506049
#ERR 132,66,894,372,960,504
#ERR 111,55,157,485,212,596
#ERR 135,67,844,477,911,612
#ERR 120,60,1174,522,1234,642
#ERR 151,75,1216,573,1291,724
#ERR 179,89,759,674,848,853
#ERR 205,102,899,654,1001,859
#ERR 194,97,589,728,686,922
#ERR 299,150,1050,598,1200,897
#ERR 273,136,785,68,921,341
#ERR 336,168,795,610,963,946
#ERR 261,130,848,250,978,511
#ERR 249,124,486,642,610,891
#ERR 315,158,1231,602,1389,917
#ERR 345,173,264,595,437,940
#SDC Ite:18 KerTime:0.387130 AccTime:7.506049 KerErr:19 AccErr:190
#IT Ite:19 KerTime:0.398477 AccTime:7.904526
#ERR 151,75,1216,573,1291,724
#ERR 179,89,759,674,848,853
#ERR 205,102,899,654,1001,859
#ERR 194,97,589,728,686,922
#ERR 135,67,844,477,911,612
#ERR 132,66,894,372,960,504
#ERR 111,55,157,485,212,596
#ERR 120,60,1174,522,1234,642
#ERR 299,150,1050,598,1200,897
#ERR 273,136,785,68,921,341
#ERR 261,130,848,250,978,511
#ERR 249,124,486,642,610,891
#ERR 336,168,795,610,963,946
#ERR 345,173,264,595,437,940
#ERR 315,158,1231,602,1389,917
#SDC Ite:19 KerTime:0.398477 AccTime:7.904526 KerErr:20 AccErr:210
#IT Ite:20 KerTime:0.401308 AccTime:8.305834
#ERR 132,66,894,372,960,504
#ERR 135,67,844,477,911,612
#ERR 151,75,1216,573,1291,724
#ERR 179,89,759,674,848,853
#ERR 111,55,157,485,212,596
#ERR 120,60,1174,522,1234,642
#ERR 205,102,899,654,1001,859
#ERR 299,150,1050,598,1200,897
#ERR 194,97,589,728,686,922
#ERR 273,136,785,68,921,341
#ERR 261,130,848,250,978,511
#ERR 249,124,486,642,610,891
#ERR 336,168,795,610,963,946
#ERR 345,173,264,595,437,940
#ERR 315,158,1231,602,1389,917
#SDC Ite:20 KerTime:0.401308 AccTime:8.305834 KerErr:21 AccErr:231
#IT Ite:21 KerTime:0.384400 AccTime:8.690234
#ERR 111,55,157,485,212,596
#ERR 135,67,844,477,911,612
#ERR 151,75,1216,573,1291,724
#ERR 179,89,759,674,848,853
#ERR 205,102,899,654,1001,859
#ERR 194,97,589,728,686,922
#ERR 132,66,894,372,960,504
#ERR 120,60,1174,522,1234,642
#ERR 299,150,1050,598,1200,897
#ERR 273,136,785,68,921,341
#ERR 261,130,848,250,978,511
#ERR 249,124,486,642,610,891
#ERR 336,168,795,610,963,946
#ERR 345,173,264,595,437,940
#ERR 315,158,1231,602,1389,917
#SDC Ite:21 KerTime:0.384400 AccTime:8.690234 KerErr:22 AccErr:253
#IT Ite:22 KerTime:0.433234 AccTime:9.123468
#ERR 111,55,157,485,212,596
#ERR 135,67,844,477,911,612
#ERR 120,60,1174,522,1234,642
#ERR 151,75,1216,573,1291,724
#ERR 179,89,759,674,848,853
#ERR 205,102,899,654,1001,859
#ERR 194,97,589,728,686,922
#ERR 132,66,894,372,960,504
#ERR 273,136,785,68,921,341
#ERR 299,150,1050,598,1200,897
#ERR 336,168,795,610,963,946
#ERR 261,130,848,250,978,511
#ERR 249,124,486,642,610,891
#ERR 315,158,1231,602,1389,917
#ERR 345,173,264,595,437,940
#SDC Ite:22 KerTime:0.433234 AccTime:9.123468 KerErr:23 AccErr:276
#IT Ite:23 KerTime:0.409685 AccTime:9.533153
#ERR 132,66,894,372,960,504
#ERR 111,55,157,485,212,596
#ERR 135,67,844,477,911,612
#ERR 120,60,1174,522,1234,642
#ERR 151,75,1216,573,1291,724
#ERR 179,89,759,674,848,853
#ERR 205,102,899,654,1001,859
#ERR 194,97,589,728,686,922
#ERR 299,150,1050,598,1200,897
#ERR 273,136,785,68,921,341
#ERR 261,130,848,250,978,511
#ERR 249,124,486,642,610,891
#ERR 336,168,795,610,963,946
#ERR 345,173,264,595,437,940
#ERR 315,158,1231,602,1389,917
#SDC Ite:23 KerTime:0.409685 AccTime:9.533153 KerErr:24 AccErr:300
#IT Ite:24 KerTime:0.410488 AccTime:9.943641
#ERR 111,55,157,485,212,596
#ERR 135,67,844,477,911,612
#ERR 120,60,1174,522,1234,642
#ERR 151,75,1216,573,1291,724
#ERR 179,89,759,674,848,853
#ERR 205,102,899,654,1001,859
#ERR 194,97,589,728,686,922
#ERR 132,66,894,372,960,504
#ERR 299,150,1050,598,1200,897
#ERR 273,136,785,68,921,341
#ERR 261,130,848,250,978,511
#ERR 249,124,486,642,610,891
#ERR 336,168,795,610,963,946
#ERR 345,173,264,595,437,940
#ERR 315,158,1231,602,1389,917
#SDC Ite:24 KerTime:0.410488 AccTime:9.943641 KerErr:25 AccErr:325
#IT Ite:25 KerTime:0.416799 AccTime:10.360440
#ERR 135,67,844,477,911,612
#ERR 151,75,1216,573,1291,724
#ERR 179,89,759,674,848,853
#ERR 111,55,157,485,212,596
#ERR 132,66,894,372,960,504
#ERR 120,60,1174,522,1234,642
#ERR 205,102,899,654,1001,859
#ERR 194,97,589,728,686,922
#ERR 299,150,1050,598,1200,897
#ERR 273,136,785,68,921,341
#ERR 261,130,848,250,978,511
#ERR 249,124,486,642,610,891
#ERR 336,168,795,610,963,946
#ERR 345,173,264,595,437,940
#ERR 315,158,1231,602,1389,917
#SDC Ite:25 KerTime:0.416799 AccTime:10.360440 KerErr:26 AccErr:351
#IT Ite:26 KerTime:0.386807 AccTime:10.747247
#ERR 135,67,844,477,911,612
#ERR 151,75,1216,573,1291,724
#ERR 179,89,759,674,848,853
#ERR 205,102,899,654,1001,859
#ERR 194,97,589,728,686,922
#ERR 132,66,894,372,960,504
#ERR 111,55,157,485,212,596
#ERR 120,60,1174,522,1234,642
#ERR 299,150,1050,598,1200,897
#ERR 273,136,785,68,921,341
#ERR 261,130,848,250,978,511
#ERR 249,124,486,642,610,891
#ERR 336,168,795,610,963,946
#ERR 345,173,264,595,437,940
#ERR 315,158,1231,602,1389,917
#SDC Ite:26 KerTime:0.386807 AccTime:10.747247 KerErr:27 AccErr:378
#IT Ite:27 KerTime:0.382393 AccTime:11.129640
#ERR 132,66,894,372,960,504
#ERR 135,67,844,477,911,612
#ERR 151,75,1216,573,1291,724
#ERR 179,89,759,674,848,853
#ERR 205,102,899,654,1001,859
#ERR 194,97,589,728,686,922
#ERR 111,55,157,485,212,596
#ERR 120,60,1174,522,1234,642
#ERR 299,150,1050,598,1200,897
#ERR 273,136,785,68,921,341
#ERR 336,168,795,610,963,946
#ERR 261,130,848,250,978,511
#ERR 249,124,486,642,610,891
#ERR 315,158,1231,602,1389,917
#ERR 345,173,264,595,437,940
#SDC Ite:27 KerTime:0.382393 AccTime:11.129640 KerErr:28 AccErr:406
#IT Ite:28 KerTime:0.408204 AccTime:11.537844
#ERR 135,67,844,477,911,612
#ERR 151,75,1216,573,1291,724
#ERR 179,89,759,674,848,853
#ERR 205,102,899,654,1001,859
#ERR 194,97,589,728,686,922
#ERR 111,55,157,485,212,596
#ERR 132,66,894,372,960,504
#ERR 120,60,1174,522,1234,642
#ERR 299,150,1050,598,1200,897
#ERR 273,136,785,68,921,341
#ERR 261,130,848,250,978,511
#ERR 249,124,486,642,610,891
#ERR 336,168,795,610,963,946
#ERR 345,173,264,595,437,940
#ERR 315,158,1231,602,1389,917
#SDC Ite:28 KerTime:0.408204 AccTime:11.537844 KerErr:29 AccErr:435
#IT Ite:29 KerTime:0.401182 AccTime:11.939026
#ERR 135,67,844,477,911,612
#ERR 151,75,1216,573,1291,724
#ERR 179,89,759,674,848,853
#ERR 205,102,899,654,1001,859
#ERR 194,97,589,728,686,922
#ERR 132,66,894,372,960,504
#ERR 299,150,1050,598,1200,897
#ERR 111,55,157,485,212,596
#ERR 120,60,1174,522,1234,642
#ERR 273,136,785,68,921,341
#ERR 336,168,795,610,963,946
#ERR 261,130,848,250,978,511
#ERR 249,124,486,642,610,891
#ERR 315,158,1231,602,1389,917
#ERR 345,173,264,595,437,940
#SDC Ite:29 KerTime:0.401182 AccTime:11.939026 KerErr:30 AccErr:465
#IT Ite:30 KerTime:0.382177 AccTime:12.321203
#ERR 135,67,844,477,911,612
#ERR 151,75,1216,573,1291,724
#ERR 179,89,759,674,848,853
#ERR 205,102,899,654,1001,859
#ERR 194,97,589,728,686,922
#ERR 132,66,894,372,960,504
#ERR 111,55,157,485,212,596
#ERR 120,60,1174,522,1234,642
#ERR 299,150,1050,598,1200,897
#ERR 273,136,785,68,921,341
#ERR 261,130,848,250,978,511
#ERR 249,124,486,642,610,891
#ERR 336,168,795,610,963,946
#ERR 345,173,264,595,437,940
#ERR 315,158,1231,602,1389,917
#SDC Ite:30 KerTime:0.382177 AccTime:12.321203 KerErr:31 AccErr:496
#IT Ite:31 KerTime:0.429472 AccTime:12.750675
#ERR 135,67,844,477,911,612
#ERR 151,75,1216,573,1291,724
#ERR 179,89,759,674,848,853
#ERR 111,55,157,485,212,596
#ERR 205,102,899,654,1001,859
#ERR 194,97,589,728,686,922
#ERR 132,66,894,372,960,504
#ERR 120,60,1174,522,1234,642
#ERR 299,150,1050,598,1200,897
#ERR 273,136,785,68,921,341
#ERR 336,168,795,610,963,946
#ERR 345,173,264,595,437,940
#ERR 261,130,848,250,978,511
#ERR 249,124,486,642,610,891
#ERR 315,158,1231,602,1389,917
#SDC Ite:31 KerTime:0.429472 AccTime:12.750675 KerErr:32 AccErr:528
#IT Ite:32 KerTime:0.386075 AccTime:13.136750
#ERR 111,55,157,485,212,596
#ERR 135,67,844,477,911,612
#ERR 120,60,1174,522,1234,642
#ERR 151,75,1216,573,1291,724
#ERR 179,89,759,674,848,853
#ERR 205,102,899,654,1001,859
#ERR 194,97,589,728,686,922
#ERR 132,66,894,372,960,504
#ERR 299,150,1050,598,1200,897
#ERR 273,136,785,68,921,341
#ERR 261,130,848,250,978,511
#ERR 249,124,486,642,610,891
#ERR 336,168,795,610,963,946
#ERR 345,173,264,595,437,940
#ERR 315,158,1231,602,1389,917
#SDC Ite:32 KerTime:0.386075 AccTime:13.136750 KerErr:33 AccErr:561
#IT Ite:33 KerTime:0.387415 AccTime:13.524165
#ERR 151,75,1216,573,1291,724
#ERR 179,89,759,674,848,853
#ERR 205,102,899,654,1001,859
#ERR 194,97,589,728,686,922
#ERR 135,67,844,477,911,612
#ERR 111,55,157,485,212,596
#ERR 132,66,894,372,960,504
#ERR 120,60,1174,522,1234,642
#ERR 299,150,1050,598,1200,897
#ERR 273,136,785,68,921,341
#ERR 261,130,848,250,978,511
#ERR 249,124,486,642,610,891
#ERR 336,168,795,610,963,946
#ERR 345,173,264,595,437,940
#ERR 315,158,1231,602,1389,917
#SDC Ite:33 KerTime:0.387415 AccTime:13.524165 KerErr:34 AccErr:595
#IT Ite:34 KerTime:0.362237 AccTime:13.886402
#ERR 151,75,1216,573,1291,724
#ERR 179,89,759,674,848,853
#ERR 205,102,899,654,1001,859
#ERR 194,97,589,728,686,922
#ERR 111,55,157,485,212,596
#ERR 135,67,844,477,911,612
#ERR 132,66,894,372,960,504
#ERR 120,60,1174,522,1234,642
#ERR 299,150,1050,598,1200,897
#ERR 273,136,785,68,921,341
#ERR 261,130,848,250,978,511
#ERR 249,124,486,642,610,891
#ERR 336,168,795,610,963,946
#ERR 315,158,1231,602,1389,917
#ERR 345,173,264,595,437,940
#SDC Ite:34 KerTime:0.362237 AccTime:13.886402 KerErr:35 AccErr:630
#IT Ite:35 KerTime:0.424383 AccTime:14.310785
#ERR 132,66,894,372,960,504
#ERR 135,67,844,477,911,612
#ERR 151,75,1216,573,1291,724
#ERR 179,89,759,674,848,853
#ERR 205,102,899,654,1001,859
#ERR 194,97,589,728,686,922
#ERR 111,55,157,485,212,596
#ERR 299,150,1050,598,1200,897
#ERR 120,60,1174,522,1234,642
#ERR 273,136,785,68,921,341
#ERR 336,168,795,610,963,946
#ERR 345,173,264,595,437,940
#ERR 261,130,848,250,978,511
#ERR 249,124,486,642,610,891
#ERR 315,158,1231,602,1389,917
#SDC Ite:35 KerTime:0.424383 AccTime:14.310785 KerErr:36 AccErr:666
#IT Ite:36 KerTime:0.399217 AccTime:14.710002
#ERR 151,75,1216,573,1291,724
#ERR 179,89,759,674,848,853
#ERR 205,102,899,654,1001,859
#ERR 194,97,589,728,686,922
#ERR 135,67,844,477,911,612
#ERR 132,66,894,372,960,504
#ERR 111,55,157,485,212,596
#ERR 120,60,1174,522,1234,642
#ERR 299,150,1050,598,1200,897
#ERR 273,136,785,68,921,341
#ERR 261,130,848,250,978,511
#ERR 249,124,486,642,610,891
#ERR 336,168,795,610,963,946
#ERR 345,173,264,595,437,940
#ERR 315,158,1231,602,1389,917
#SDC Ite:36 KerTime:0.399217 AccTime:14.710002 KerErr:37 AccErr:703
#IT Ite:37 KerTime:0.405681 AccTime:15.115683
#ERR 151,75,1216,573,1291,724
#ERR 179,89,759,674,848,853
#ERR 205,102,899,654,1001,859
#ERR 194,97,589,728,686,922
#ERR 135,67,844,477,911,612
#ERR 132,66,894,372,960,504
#ERR 111,55,157,485,212,596
#ERR 120,60,1174,522,1234,642
#ERR 299,150,1050,598,1200,897
#ERR 273,136,785,68,921,341
#ERR 336,168,795,610,963,946
#ERR 261,130,848,250,978,511
#ERR 249,124,486,642,610,891
#ERR 345,173,264,595,437,940
#ERR 315,158,1231,602,1389,917
#SDC Ite:37 KerTime:0.405681 AccTime:15.115683 KerErr:38 AccErr:741
#IT Ite:38 KerTime:0.392900 AccTime:15.508583
#ERR 151,75,1216,573,1291,724
#ERR 179,89,759,674,848,853
#ERR 205,102,899,654,1001,859
#ERR 194,97,589,728,686,922
#ERR 135,67,844,477,911,612
#ERR 132,66,894,372,960,504
#ERR 111,55,157,485,212,596
#ERR 120,60,1174,522,1234,642
#ERR 299,150,1050,598,1200,897
#ERR 273,136,785,68,921,341
#ERR 261,130,848,250,978,511
#ERR 249,124,486,642,610,891
#ERR 336,168,795,610,963,946
#ERR 315,158,1231,602,1389,917
#ERR 345,173,264,595,437,940
#SDC Ite:38 KerTime:0.392900 AccTime:15.508583 KerErr:39 AccErr:780
#IT Ite:39 KerTime:0.396052 AccTime:15.904635
#ERR 151,75,1216,573,1291,724
#ERR 179,89,759,674,848,853
#ERR 205,102,899,654,1001,859
#ERR 194,97,589,728,686,922
#ERR 135,67,844,477,911,612
#ERR 132,66,894,372,960,504
#ERR 111,55,157,485,212,596
#ERR 120,60,1174,522,1234,642
#ERR 299,150,1050,598,1200,897
#ERR 273,136,785,68,921,341
#ERR 261,130,848,250,978,511
#ERR 249,124,486,642,610,891
#ERR 345,173,264,595,437,940
#ERR 336,168,795,610,963,946
#ERR 315,158,1231,602,1389,917
#SDC Ite:39 KerTime:0.396052 AccTime:15.904635 KerErr:40 AccErr:820
#IT Ite:40 KerTime:0.363610 AccTime:16.268245
#ERR 111,55,157,485,212,596
#ERR 135,67,844,477,911,612
#ERR 120,60,1174,522,1234,642
#ERR 151,75,1216,573,1291,724
#ERR 179,89,759,674,848,853
#ERR 205,102,899,654,1001,859
#ERR 194,97,589,728,686,922
#ERR 132,66,894,372,960,504
#ERR 299,150,1050,598,1200,897
#ERR 273,136,785,68,921,341
#ERR 261,130,848,250,978,511
#ERR 249,124,486,642,610,891
#ERR 336,168,795,610,963,946
#ERR 345,173,264,595,437,940
#ERR 315,158,1231,602,1389,917
#SDC Ite:40 KerTime:0.363610 AccTime:16.268245 KerErr:41 AccErr:861
#IT Ite:41 KerTime:0.379996 AccTime:16.648241
#ERR 132,66,894,372,960,504
#ERR 111,55,157,485,212,596
#ERR 135,67,844,477,911,612
#ERR 120,60,1174,522,1234,642
#ERR 151,75,1216,573,1291,724
#ERR 179,89,759,674,848,853
#ERR 205,102,899,654,1001,859
#ERR 194,97,589,728,686,922
#ERR 299,150,1050,598,1200,897
#ERR 273,136,785,68,921,341
#ERR 261,130,848,250,978,511
#ERR 249,124,486,642,610,891
#ERR 336,168,795,610,963,946
#ERR 345,173,264,595,437,940
#ERR 315,158,1231,602,1389,917
#SDC Ite:41 KerTime:0.379996 AccTime:16.648241 KerErr:42 AccErr:903
#IT Ite:42 KerTime:0.400608 AccTime:17.048849
#ERR 151,75,1216,573,1291,724
#ERR 179,89,759,674,848,853
#ERR 205,102,899,654,1001,859
#ERR 194,97,589,728,686,922
#ERR 135,67,844,477,911,612
#ERR 132,66,894,372,960,504
#ERR 111,55,157,485,212,596
#ERR 120,60,1174,522,1234,642
#ERR 299,150,1050,598,1200,897
#ERR 273,136,785,68,921,341
#ERR 261,130,848,250,978,511
#ERR 249,124,486,642,610,891
#ERR 345,173,264,595,437,940
#ERR 336,168,795,610,963,946
#ERR 315,158,1231,602,1389,917
#SDC Ite:42 KerTime:0.400608 AccTime:17.048849 KerErr:43 AccErr:946
#IT Ite:43 KerTime:0.401088 AccTime:17.449937
#ERR 135,67,844,477,911,612
#ERR 151,75,1216,573,1291,724
#ERR 179,89,759,674,848,853
#ERR 132,66,894,372,960,504
#ERR 205,102,899,654,1001,859
#ERR 194,97,589,728,686,922
#ERR 111,55,157,485,212,596
#ERR 120,60,1174,522,1234,642
#ERR 299,150,1050,598,1200,897
#ERR 273,136,785,68,921,341
#ERR 336,168,795,610,963,946
#ERR 261,130,848,250,978,511
#ERR 249,124,486,642,610,891
#ERR 315,158,1231,602,1389,917
#ERR 345,173,264,595,437,940
#SDC Ite:43 KerTime:0.401088 AccTime:17.449937 KerErr:44 AccErr:990
#IT Ite:44 KerTime:0.412315 AccTime:17.862252
#ERR 132,66,894,372,960,504
#ERR 111,55,157,485,212,596
#ERR 135,67,844,477,911,612
#ERR 120,60,1174,522,1234,642
#ERR 151,75,1216,573,1291,724
#ERR 179,89,759,674,848,853
#ERR 205,102,899,654,1001,859
#ERR 194,97,589,728,686,922
#ERR 299,150,1050,598,1200,897
#ERR 273,136,785,68,921,341
#ERR 261,130,848,250,978,511
#ERR 249,124,486,642,610,891
#ERR 336,168,795,610,963,946
#ERR 315,158,1231,602,1389,917
#ERR 345,173,264,595,437,940
#SDC Ite:44 KerTime:0.412315 AccTime:17.862252 KerErr:45 AccErr:1035
#IT Ite:45 KerTime:0.411259 AccTime:18.273511
#ERR 135,67,844,477,911,612
#ERR 151,75,1216,573,1291,724
#ERR 179,89,759,674,848,853
#ERR 205,102,899,654,1001,859
#ERR 194,97,589,728,686,922
#ERR 111,55,157,485,212,596
#ERR 132,66,894,372,960,504
#ERR 120,60,1174,522,1234,642
#ERR 299,150,1050,598,1200,897
#ERR 273,136,785,68,921,341
#ERR 336,168,795,610,963,946
#ERR 261,130,848,250,978,511
#ERR 249,124,486,642,610,891
#ERR 315,158,1231,602,1389,917
#ERR 345,173,264,595,437,940
#SDC Ite:45 KerTime:0.411259 AccTime:18.273511 KerErr:46 AccErr:1081
#IT Ite:46 KerTime:0.392523 AccTime:18.666034
#ERR 151,75,1216,573,1291,724
#ERR 179,89,759,674,848,853
#ERR 205,102,899,654,1001,859
#ERR 194,97,589,728,686,922
#ERR 135,67,844,477,911,612
#ERR 132,66,894,372,960,504
#ERR 111,55,157,485,212,596
#ERR 120,60,1174,522,1234,642
#ERR 299,150,1050,598,1200,897
#ERR 273,136,785,68,921,341
#ERR 261,130,848,250,978,511
#ERR 249,124,486,642,610,891
#ERR 336,168,795,610,963,946
#ERR 345,173,264,595,437,940
#ERR 315,158,1231,602,1389,917
#SDC Ite:46 KerTime:0.392523 AccTime:18.666034 KerErr:47 AccErr:1128
#IT Ite:47 KerTime:0.417250 AccTime:19.083284
#ERR 132,66,894,372,960,504
#ERR 111,55,157,485,212,596
#ERR 135,67,844,477,911,612
#ERR 120,60,1174,522,1234,642
#ERR 151,75,1216,573,1291,724
#ERR 179,89,759,674,848,853
#ERR 205,102,899,654,1001,859
#ERR 194,97,589,728,686,922
#ERR 299,150,1050,598,1200,897
#ERR 273,136,785,68,921,341
#ERR 261,130,848,250,978,511
#ERR 249,124,486,642,610,891
#ERR 345,173,264,595,437,940
#ERR 336,168,795,610,963,946
#ERR 315,158,1231,602,1389,917
#SDC Ite:47 KerTime:0.417250 AccTime:19.083284 KerErr:48 AccErr:1176
#IT Ite:48 KerTime:0.380672 AccTime:19.463956
#ERR 151,75,1216,573,1291,724
#ERR 179,89,759,674,848,853
#ERR 205,102,899,654,1001,859
#ERR 194,97,589,728,686,922
#ERR 135,67,844,477,911,612
#ERR 132,66,894,372,960,504
#ERR 111,55,157,485,212,596
#ERR 120,60,1174,522,1234,642
#ERR 299,150,1050,598,1200,897
#ERR 273,136,785,68,921,341
#ERR 261,130,848,250,978,511
#ERR 249,124,486,642,610,891
#ERR 345,173,264,595,437,940
#ERR 336,168,795,610,963,946
#ERR 315,158,1231,602,1389,917
#SDC Ite:48 KerTime:0.380672 AccTime:19.463956 KerErr:49 AccErr:1225
#IT Ite:49 KerTime:0.377752 AccTime:19.841708
#ERR 151,75,1216,573,1291,724
#ERR 179,89,759,674,848,853
#ERR 205,102,899,654,1001,859
#ERR 194,97,589,728,686,922
#ERR 135,67,844,477,911,612
#ERR 132,66,894,372,960,504
#ERR 111,55,157,485,212,596
#ERR 120,60,1174,522,1234,642
#ERR 299,150,1050,598,1200,897
#ERR 273,136,785,68,921,341
#ERR 261,130,848,250,978,511
#ERR 249,124,486,642,610,891
#ERR 336,168,795,610,963,946
#ERR 315,158,1231,602,1389,917
#ERR 345,173,264,595,437,940
#SDC Ite:49 KerTime:0.377752 AccTime:19.841708 KerErr:50 AccErr:1275
#IT Ite:50 KerTime:0.430575 AccTime:20.272283
#ERR 135,67,844,477,911,612
#ERR 151,75,1216,573,1291,724
#ERR 179,89,759,674,848,853
#ERR 205,102,899,654,1001,859
#ERR 194,97,589,728,686,922
#ERR 111,55,157,485,212,596
#ERR 120,60,1174,522,1234,642
#ERR 299,150,1050,598,1200,897
#ERR 132,66,894,372,960,504
#ERR 273,136,785,68,921,341
#ERR 261,130,848,250,978,511
#ERR 249,124,486,642,610,891
#ERR 336,168,795,610,963,946
#ERR 345,173,264,595,437,940
#ERR 315,158,1231,602,1389,917
#SDC Ite:50 KerTime:0.430575 AccTime:20.272283 KerErr:51 AccErr:1326
#IT Ite:51 KerTime:0.408530 AccTime:20.680813
#ERR 135,67,844,477,911,612
#ERR 151,75,1216,573,1291,724
#ERR 179,89,759,674,848,853
#ERR 205,102,899,654,1001,859
#ERR 194,97,589,728,686,922
#ERR 299,150,1050,598,1200,897
#ERR 132,66,894,372,960,504
#ERR 111,55,157,485,212,596
#ERR 120,60,1174,522,1234,642
#ERR 273,136,785,68,921,341
#ERR 261,130,848,250,978,511
#ERR 249,124,486,642,610,891
#ERR 336,168,795,610,963,946
#ERR 345,173,264,595,437,940
#ERR 315,158,1231,602,1389,917
#SDC Ite:51 KerTime:0.408530 AccTime:20.680813 KerErr:52 AccErr:1378
#IT Ite:52 KerTime:0.396026 AccTime:21.076839
#ERR 132,66,894,372,960,504
#ERR 135,67,844,477,911,612
#ERR 151,75,1216,573,1291,724
#ERR 179,89,759,674,848,853
#ERR 205,102,899,654,1001,859
#ERR 194,97,589,728,686,922
#ERR 111,55,157,485,212,596
#ERR 120,60,1174,522,1234,642
#ERR 273,136,785,68,921,341
#ERR 261,130,848,250,978,511
#ERR 249,124,486,642,610,891
#ERR 299,150,1050,598,1200,897
#ERR 336,168,795,610,963,946
#ERR 315,158,1231,602,1389,917
#ERR 345,173,264,595,437,940
#SDC Ite:52 KerTime:0.396026 AccTime:21.076839 KerErr:53 AccErr:1431
#IT Ite:53 KerTime:0.407068 AccTime:21.483907
#ERR 111,55,157,485,212,596
#ERR 135,67,844,477,911,612
#ERR 120,60,1174,522,1234,642
#ERR 151,75,1216,573,1291,724
#ERR 179,89,759,674,848,853
#ERR 205,102,899,654,1001,859
#ERR 194,97,589,728,686,922
#ERR 132,66,894,372,960,504
#ERR 273,136,785,68,921,341
#ERR 261,130,848,250,978,511
#ERR 249,124,486,642,610,891
#ERR 299,150,1050,598,1200,897
#ERR 336,168,795,610,963,946
#ERR 315,158,1231,602,1389,917
#ERR 345,173,264,595,437,940
#SDC Ite:53 KerTime:0.407068 AccTime:21.483907 KerErr:54 AccErr:1485
#IT Ite:54 KerTime:0.377598 AccTime:21.861505
#ERR 135,67,844,477,911,612
#ERR 151,75,1216,573,1291,724
#ERR 179,89,759,674,848,853
#ERR 205,102,899,654,1001,859
#ERR 194,97,589,728,686,922
#ERR 111,55,157,485,212,596
#ERR 132,66,894,372,960,504
#ERR 120,60,1174,522,1234,642
#ERR 299,150,1050,598,1200,897
#ERR 273,136,785,68,921,341
#ERR 261,130,848,250,978,511
#ERR 249,124,486,642,610,891
#ERR 336,168,795,610,963,946
#ERR 315,158,1231,602,1389,917
#ERR 345,173,264,595,437,940
#SDC Ite:54 KerTime:0.377598 AccTime:21.861505 KerErr:55 AccErr:1540
#IT Ite:55 KerTime:0.384275 AccTime:22.245780
#ERR 151,75,1216,573,1291,724
#ERR 179,89,759,674,848,853
#ERR 205,102,899,654,1001,859
#ERR 194,97,589,728,686,922
#ERR 135,67,844,477,911,612
#ERR 132,66,894,372,960,504
#ERR 111,55,157,485,212,596
#ERR 120,60,1174,522,1234,642
#ERR 299,150,1050,598,1200,897
#ERR 273,136,785,68,921,341
#ERR 261,130,848,250,978,511
#ERR 249,124,486,642,610,891
#ERR 336,168,795,610,963,946
#ERR 345,173,264,595,437,940
#ERR 315,158,1231,602,1389,917
#SDC Ite:55 KerTime:0.384275 AccTime:22.245780 KerErr:56 AccErr:1596
#IT Ite:56 KerTime:0.397759 AccTime:22.643539
#ERR 135,67,844,477,911,612
#ERR 151,75,1216,573,1291,724
#ERR 179,89,759,674,848,853
#ERR 205,102,899,654,1001,859
#ERR 194,97,589,728,686,922
#ERR 111,55,157,485,212,596
#ERR 120,60,1174,522,1234,642
#ERR 132,66,894,372,960,504
#ERR 299,150,1050,598,1200,897
#ERR 273,136,785,68,921,341
#ERR 261,130,848,250,978,511
#ERR 249,124,486,642,610,891
#ERR 336,168,795,610,963,946
#ERR 345,173,264,595,437,940
#ERR 315,158,1231,602,1389,917
#SDC Ite:56 KerTime:0.397759 AccTime:22.643539 KerErr:57 AccErr:1653
#IT Ite:57 KerTime:0.409119 AccTime:23.052658
#ERR 132,66,894,372,960,504
#ERR 111,55,157,485,212,596
#ERR 135,67,844,477,911,612
#ERR 120,60,1174,522,1234,642
#ERR 151,75,1216,573,1291,724
#ERR 179,89,759,674,848,853
#ERR 205,102,899,654,1001,859
#ERR 194,97,589,728,686,922
#ERR 273,136,785,68,921,341
#ERR 261,130,848,250,978,511
#ERR 249,124,486,642,610,891
#ERR 299,150,1050,598,1200,897
#ERR 336,168,795,610,963,946
#ERR 345,173,264,595,437,940
#ERR 315,158,1231,602,1389,917
#SDC Ite:57 KerTime:0.409119 AccTime:23.052658 KerErr:58 AccErr:1711
#IT Ite:58 KerTime:0.428676 AccTime:23.481334
#ERR 135,67,844,477,911,612
#ERR 151,75,1216,573,1291,724
#ERR 179,89,759,674,848,853
#ERR 205,102,899,654,1001,859
#ERR 194,97,589,728,686,922
#ERR 111,55,157,485,212,596
#ERR 132,66,894,372,960,504
#ERR 120,60,1174,522,1234,642
#ERR 299,150,1050,598,1200,897
#ERR 273,136,785,68,921,341
#ERR 261,130,848,250,978,511
#ERR 249,124,486,642,610,891
#ERR 336,168,795,610,963,946
#ERR 345,173,264,595,437,940
#ERR 315,158,1231,602,1389,917
#SDC Ite:58 KerTime:0.428676 AccTime:23.481334 KerErr:59 AccErr:1770
#IT Ite:59 KerTime:0.394857 AccTime:23.876191
#ERR 132,66,894,372,960,504
#ERR 111,55,157,485,212,596
#ERR 135,67,844,477,911,612
#ERR 120,60,1174,522,1234,642
#ERR 151,75,1216,573,1291,724
#ERR 179,89,759,674,848,853
#ERR 205,102,899,654,1001,859
#ERR 194,97,589,728,686,922
#ERR 299,150,1050,598,1200,897
#ERR 273,136,785,68,921,341
#ERR 336,168,795,610,963,946
#ERR 261,130,848,250,978,511
#ERR 249,124,486,642,610,891
#ERR 345,173,264,595,437,940
#ERR 315,158,1231,602,1389,917
#SDC Ite:59 KerTime:0.394857 AccTime:23.876191 KerErr:60 AccErr:1830
#IT Ite:60 KerTime:0.447118 AccTime:24.323309
#ERR 132,66,894,372,960,504
#ERR 111,55,157,485,212,596
#ERR 135,67,844,477,911,612
#ERR 120,60,1174,522,1234,642
#ERR 151,75,1216,573,1291,724
#ERR 179,89,759,674,848,853
#ERR 205,102,899,654,1001,859
#ERR 194,97,589,728,686,922
#ERR 299,150,1050,598,1200,897
#ERR 249,124,486,642,610,891
#ERR 273,136,785,68,921,341
#ERR 336,168,795,610,963,946
#ERR 315,158,1231,602,1389,917
#ERR 261,130,848,250,978,511
#ERR 345,173,264,595,437,940
#SDC Ite:60 KerTime:0.447118 AccTime:24.323309 KerErr:61 AccErr:1891
#IT Ite:61 KerTime:0.376982 AccTime:24.700291
#ERR 132,66,894,372,960,504
#ERR 135,67,844,477,911,612
#ERR 151,75,1216,573,1291,724
#ERR 179,89,759,674,848,853
#ERR 205,102,899,654,1001,859
#ERR 194,97,589,728,686,922
#ERR 111,55,157,485,212,596
#ERR 120,60,1174,522,1234,642
#ERR 299,150,1050,598,1200,897
#ERR 273,136,785,68,921,341
#ERR 336,168,795,610,963,946
#ERR 315,158,1231,602,1389,917
#ERR 261,130,848,250,978,511
#ERR 249,124,486,642,610,891
#ERR 345,173,264,595,437,940
#SDC Ite:61 KerTime:0.376982 AccTime:24.700291 KerErr:62 AccErr:1953
#IT Ite:62 KerTime:0.414441 AccTime:25.114732
#ERR 135,67,844,477,911,612
#ERR 151,75,1216,573,1291,724
#ERR 179,89,759,674,848,853
#ERR 205,102,899,654,1001,859
#ERR 194,97,589,728,686,922
#ERR 111,55,157,485,212,596
#ERR 132,66,894,372,960,504
#ERR 120,60,1174,522,1234,642
#ERR 299,150,1050,598,1200,897
#ERR 273,136,785,68,921,341
#ERR 261,130,848,250,978,511
#ERR 249,124,486,642,610,891
#ERR 336,168,795,610,963,946
#ERR 345,173,264,595,437,940
#ERR 315,158,1231,602,1389,917
#SDC Ite:62 KerTime:0.414441 AccTime:25.114732 KerErr:63 AccErr:2016
#IT Ite:63 KerTime:0.408990 AccTime:25.523722
#ERR 132,66,894,372,960,504
#ERR 111,55,157,485,212,596
#ERR 135,67,844,477,911,612
#ERR 120,60,1174,522,1234,642
#ERR 151,75,1216,573,1291,724
#ERR 179,89,759,674,848,853
#ERR 205,102,899,654,1001,859
#ERR 194,97,589,728,686,922
#ERR 299,150,1050,598,1200,897
#ERR 273,136,785,68,921,341
#ERR 261,130,848,250,978,511
#ERR 249,124,486,642,610,891
#ERR 336,168,795,610,963,946
#ERR 315,158,1231,602,1389,917
#ERR 345,173,264,595,437,940
#SDC Ite:63 KerTime:0.408990 AccTime:25.523722 KerErr:64 AccErr:2080
#IT Ite:64 KerTime:0.403985 AccTime:25.927707
#ERR 132,66,894,372,960,504
#ERR 135,67,844,477,911,612
#ERR 151,75,1216,573,1291,724
#ERR 179,89,759,674,848,853
#ERR 205,102,899,654,1001,859
#ERR 194,97,589,728,686,922
#ERR 111,55,157,485,212,596
#ERR 120,60,1174,522,1234,642
#ERR 299,150,1050,598,1200,897
#ERR 273,136,785,68,921,341
#ERR 261,130,848,250,978,511
#ERR 249,124,486,642,610,891
#ERR 336,168,795,610,963,946
#ERR 345,173,264,595,437,940
#ERR 315,158,1231,602,1389,917
#SDC Ite:64 KerTime:0.403985 AccTime:25.927707 KerErr:65 AccErr:2145
#IT Ite:65 KerTime:0.415671 AccTime:26.343378
#ERR 151,75,1216,573,1291,724
#ERR 179,89,759,674,848,853
#ERR 205,102,899,654,1001,859
#ERR 194,97,589,728,686,922
#ERR 132,66,894,372,960,504
#ERR 111,55,157,485,212,596
#ERR 135,67,844,477,911,612
#ERR 120,60,1174,522,1234,642
#ERR 299,150,1050,598,1200,897
#ERR 273,136,785,68,921,341
#ERR 261,130,848,250,978,511
#ERR 249,124,486,642,610,891
#ERR 336,168,795,610,963,946
#ERR 345,173,264,595,437,940
#ERR 315,158,1231,602,1389,917
#SDC Ite:65 KerTime:0.415671 AccTime:26.343378 KerErr:66 AccErr:2211
#IT Ite:66 KerTime:0.393252 AccTime:26.736630
#ERR 151,75,1216,573,1291,724
#ERR 179,89,759,674,848,853
#ERR 205,102,899,654,1001,859
#ERR 194,97,589,728,686,922
#ERR 132,66,894,372,960,504
#ERR 111,55,157,485,212,596
#ERR 135,67,844,477,911,612
#ERR 120,60,1174,522,1234,642
#ERR 299,150,1050,598,1200,897
#ERR 345,173,264,595,437,940
#ERR 336,168,795,610,963,946
#ERR 273,136,785,68,921,341
#ERR 261,130,848,250,978,511
#ERR 249,124,486,642,610,891
#ERR 315,158,1231,602,1389,917
#SDC Ite:66 KerTime:0.393252 AccTime:26.736630 KerErr:67 AccErr:2278
#IT Ite:67 KerTime:0.414167 AccTime:27.150797
#ERR 135,67,844,477,911,612
#ERR 151,75,1216,573,1291,724
#ERR 179,89,759,674,848,853
#ERR 205,102,899,654,1001,859
#ERR 194,97,589,728,686,922
#ERR 111,55,157,485,212,596
#ERR 132,66,894,372,960,504
#ERR 120,60,1174,522,1234,642
#ERR 299,150,1050,598,1200,897
#ERR 249,124,486,642,610,891
#ERR 273,136,785,68,921,341
#ERR 261,130,848,250,978,511
#ERR 336,168,795,610,963,946
#ERR 345,173,264,595,437,940
#ERR 315,158,1231,602,1389,917
#SDC Ite:67 KerTime:0.414167 AccTime:27.150797 KerErr:68 AccErr:2346
#IT Ite:68 KerTime:0.426588 AccTime:27.577385
#ERR 132,66,894,372,960,504
#ERR 111,55,157,485,212,596
#ERR 135,67,844,477,911,612
#ERR 120,60,1174,522,1234,642
#ERR 151,75,1216,573,1291,724
#ERR 179,89,759,674,848,853
#ERR 205,102,899,654,1001,859
#ERR 194,97,589,728,686,922
#ERR 299,150,1050,598,1200,897
#ERR 273,136,785,68,921,341
#ERR 336,168,795,610,963,946
#ERR 261,130,848,250,978,511
#ERR 249,124,486,642,610,891
#ERR 345,173,264,595,437,940
#ERR 315,158,1231,602,1389,917
#SDC Ite:68 KerTime:0.426588 AccTime:27.577385 KerErr:69 AccErr:2415
#IT Ite:69 KerTime:0.434692 AccTime:28.012077
#ERR 151,75,1216,573,1291,724
#ERR 179,89,759,674,848,853
#ERR 205,102,899,654,1001,859
#ERR 194,97,589,728,686,922
#ERR 135,67,844,477,911,612
#ERR 111,55,157,485,212,596
#ERR 132,66,894,372,960,504
#ERR 120,60,1174,522,1234,642
#ERR 299,150,1050,598,1200,897
#ERR 273,136,785,68,921,341
#ERR 336,168,795,610,963,946
#ERR 261,130,848,250,978,511
#ERR 249,124,486,642,610,891
#ERR 315,158,1231,602,1389,917
#ERR 345,173,264,595,437,940
#SDC Ite:69 KerTime:0.434692 AccTime:28.012077 KerErr:70 AccErr:2485
#IT Ite:70 KerTime:0.423083 AccTime:28.435160
#ERR 132,66,894,372,960,504
#ERR 135,67,844,477,911,612
#ERR 151,75,1216,573,1291,724
#ERR 179,89,759,674,848,853
#ERR 205,102,899,654,1001,859
#ERR 194,97,589,728,686,922
#ERR 111,55,157,485,212,596
#ERR 299,150,1050,598,1200,897
#ERR 273,136,785,68,921,341
#ERR 261,130,848,250,978,511
#ERR 249,124,486,642,610,891
#ERR 336,168,795,610,963,946
#ERR 120,60,1174,522,1234,642
#ERR 315,158,1231,602,1389,917
#ERR 345,173,264,595,437,940
#SDC Ite:70 KerTime:0.423083 AccTime:28.435160 KerErr:71 AccErr:2556
#IT Ite:71 KerTime:0.406786 AccTime:28.841946
#ERR 135,67,844,477,911,612
#ERR 151,75,1216,573,1291,724
#ERR 179,89,759,674,848,853
#ERR 205,102,899,654,1001,859
#ERR 194,97,589,728,686,922
#ERR 132,66,894,372,960,504
#ERR 111,55,157,485,212,596
#ERR 120,60,1174,522,1234,642
#ERR 299,150,1050,598,1200,897
#ERR 273,136,785,68,921,341
#ERR 261,130,848,250,978,511
#ERR 249,124,486,642,610,891
#ERR 336,168,795,610,963,946
#ERR 345,173,264,595,437,940
#ERR 315,158,1231,602,1389,917
#SDC Ite:71 KerTime:0.406786 AccTime:28.841946 KerErr:72 AccErr:2628
#IT Ite:72 KerTime:0.415145 AccTime:29.257091
#ERR 151,75,1216,573,1291,724
#ERR 179,89,759,674,848,853
#ERR 205,102,899,654,1001,859
#ERR 194,97,589,728,686,922
#ERR 111,55,157,485,212,596
#ERR 135,67,844,477,911,612
#ERR 120,60,1174,522,1234,642
#ERR 132,66,894,372,960,504
#ERR 299,150,1050,598,1200,897
#ERR 249,124,486,642,610,891
#ERR 273,136,785,68,921,341
#ERR 336,168,795,610,963,946
