#HEADER HOG GOLD TEXT FILE
#BEGIN Y:2015 M:11 D:12 Time:16:16:58
#IT Ite:0 KerTime:0.387698 AccTime:0.387698
#ERR 132,66,894,372,960,504
#ERR 135,67,844,477,911,612
#ERR 151,75,1216,573,1291,724
#ERR 179,89,759,674,848,853
#ERR 111,55,157,485,212,596
#ERR 120,60,1174,522,1234,642
#ERR 205,102,899,654,1001,859
#ERR 194,97,589,728,686,922
#ERR 273,136,785,68,921,341
#ERR 261,130,848,250,978,511
#ERR 249,124,486,642,610,891
#ERR 299,150,1050,598,1200,897
#ERR 336,168,795,610,963,946
#ERR 315,158,1231,602,1389,917
#ERR 345,173,264,595,437,940
#SDC Ite:0 KerTime:0.387698 AccTime:0.387698 KerErr:401 AccErr:401
#IT Ite:1 KerTime:0.381982 AccTime:0.769680
#ERR 151,75,1216,573,1291,724
#ERR 179,89,759,674,848,853
#ERR 205,102,899,654,1001,859
#ERR 194,97,589,728,686,922
#ERR 135,67,844,477,911,612
#ERR 111,55,157,485,212,596
#ERR 132,66,894,372,960,504
#ERR 120,60,1174,522,1234,642
#ERR 299,150,1050,598,1200,897
#ERR 273,136,785,68,921,341
#ERR 261,130,848,250,978,511
#ERR 249,124,486,642,610,891
#ERR 336,168,795,610,963,946
#ERR 345,173,264,595,437,940
#ERR 315,158,1231,602,1389,917
#SDC Ite:1 KerTime:0.381982 AccTime:0.769680 KerErr:402 AccErr:803
#IT Ite:2 KerTime:0.384555 AccTime:1.154235
#ERR 132,66,894,372,960,504
#ERR 135,67,844,477,911,612
#ERR 151,75,1216,573,1291,724
#ERR 179,89,759,674,848,853
#ERR 205,102,899,654,1001,859
#ERR 194,97,589,728,686,922
#ERR 111,55,157,485,212,596
#ERR 120,60,1174,522,1234,642
#ERR 299,150,1050,598,1200,897
#ERR 273,136,785,68,921,341
#ERR 336,168,795,610,963,946
#ERR 261,130,848,250,978,511
#ERR 249,124,486,642,610,891
#ERR 345,173,264,595,437,940
#ERR 315,158,1231,602,1389,917
#SDC Ite:2 KerTime:0.384555 AccTime:1.154235 KerErr:403 AccErr:1206
#IT Ite:3 KerTime:0.380371 AccTime:1.534606
#ERR 132,66,894,372,960,504
#ERR 111,55,157,485,212,596
#ERR 135,67,844,477,911,612
#ERR 120,60,1174,522,1234,642
#ERR 151,75,1216,573,1291,724
#ERR 179,89,759,674,848,853
#ERR 205,102,899,654,1001,859
#ERR 194,97,589,728,686,922
#ERR 299,150,1050,598,1200,897
#ERR 249,124,486,642,610,891
#ERR 273,136,785,68,921,341
#ERR 336,168,795,610,963,946
#ERR 261,130,848,250,978,511
#ERR 345,173,264,595,437,940
#ERR 315,158,1231,602,1389,917
#SDC Ite:3 KerTime:0.380371 AccTime:1.534606 KerErr:404 AccErr:1610
#IT Ite:4 KerTime:0.407929 AccTime:1.942535
#ERR 135,67,844,477,911,612
#ERR 151,75,1216,573,1291,724
#ERR 179,89,759,674,848,853
#ERR 205,102,899,654,1001,859
#ERR 194,97,589,728,686,922
#ERR 299,150,1050,598,1200,897
#ERR 132,66,894,372,960,504
#ERR 249,124,486,642,610,891
#ERR 111,55,157,485,212,596
#ERR 120,60,1174,522,1234,642
#ERR 273,136,785,68,921,341
#ERR 261,130,848,250,978,511
#ERR 336,168,795,610,963,946
#ERR 315,158,1231,602,1389,917
#ERR 345,173,264,595,437,940
#SDC Ite:4 KerTime:0.407929 AccTime:1.942535 KerErr:405 AccErr:2015
#IT Ite:5 KerTime:0.386800 AccTime:2.329335
#ERR 132,66,894,372,960,504
#ERR 135,67,844,477,911,612
#ERR 151,75,1216,573,1291,724
#ERR 179,89,759,674,848,853
#ERR 205,102,899,654,1001,859
#ERR 194,97,589,728,686,922
#ERR 111,55,157,485,212,596
#ERR 120,60,1174,522,1234,642
#ERR 299,150,1050,598,1200,897
#ERR 273,136,785,68,921,341
#ERR 261,130,848,250,978,511
#ERR 249,124,486,642,610,891
#ERR 345,173,264,595,437,940
#ERR 336,168,795,610,963,946
#ERR 315,158,1231,602,1389,917
#SDC Ite:5 KerTime:0.386800 AccTime:2.329335 KerErr:406 AccErr:2421
#IT Ite:6 KerTime:0.397967 AccTime:2.727302
#ERR 151,75,1216,573,1291,724
#ERR 179,89,759,674,848,853
#ERR 205,102,899,654,1001,859
#ERR 194,97,589,728,686,922
#ERR 135,67,844,477,911,612
#ERR 132,66,894,372,960,504
#ERR 111,55,157,485,212,596
#ERR 120,60,1174,522,1234,642
#ERR 299,150,1050,598,1200,897
#ERR 273,136,785,68,921,341
#ERR 261,130,848,250,978,511
#ERR 249,124,486,642,610,891
#ERR 336,168,795,610,963,946
#ERR 345,173,264,595,437,940
#ERR 315,158,1231,602,1389,917
#SDC Ite:6 KerTime:0.397967 AccTime:2.727302 KerErr:407 AccErr:2828
#IT Ite:7 KerTime:0.384558 AccTime:3.111860
#ERR 151,75,1216,573,1291,724
#ERR 179,89,759,674,848,853
#ERR 205,102,899,654,1001,859
#ERR 194,97,589,728,686,922
#ERR 135,67,844,477,911,612
#ERR 111,55,157,485,212,596
#ERR 132,66,894,372,960,504
#ERR 299,150,1050,598,1200,897
#ERR 120,60,1174,522,1234,642
#ERR 273,136,785,68,921,341
#ERR 261,130,848,250,978,511
#ERR 249,124,486,642,610,891
#ERR 336,168,795,610,963,946
#ERR 345,173,264,595,437,940
#ERR 315,158,1231,602,1389,917
#SDC Ite:7 KerTime:0.384558 AccTime:3.111860 KerErr:408 AccErr:3236
#IT Ite:8 KerTime:0.407109 AccTime:3.518969
#ERR 111,55,157,485,212,596
#ERR 135,67,844,477,911,612
#ERR 120,60,1174,522,1234,642
#ERR 151,75,1216,573,1291,724
#ERR 179,89,759,674,848,853
#ERR 205,102,899,654,1001,859
#ERR 194,97,589,728,686,922
#ERR 132,66,894,372,960,504
#ERR 299,150,1050,598,1200,897
#ERR 273,136,785,68,921,341
#ERR 261,130,848,250,978,511
#ERR 249,124,486,642,610,891
#ERR 345,173,264,595,437,940
#ERR 336,168,795,610,963,946
#ERR 315,158,1231,602,1389,917
#SDC Ite:8 KerTime:0.407109 AccTime:3.518969 KerErr:409 AccErr:3645
#IT Ite:9 KerTime:0.396198 AccTime:3.915167
#ERR 151,75,1216,573,1291,724
#ERR 179,89,759,674,848,853
#ERR 205,102,899,654,1001,859
#ERR 194,97,589,728,686,922
#ERR 135,67,844,477,911,612
#ERR 111,55,157,485,212,596
#ERR 132,66,894,372,960,504
#ERR 120,60,1174,522,1234,642
#ERR 299,150,1050,598,1200,897
#ERR 273,136,785,68,921,341
#ERR 261,130,848,250,978,511
#ERR 249,124,486,642,610,891
#ERR 345,173,264,595,437,940
#ERR 336,168,795,610,963,946
#ERR 315,158,1231,602,1389,917
#SDC Ite:9 KerTime:0.396198 AccTime:3.915167 KerErr:410 AccErr:4055
#IT Ite:10 KerTime:0.390542 AccTime:4.305709
#ERR 135,67,844,477,911,612
#ERR 151,75,1216,573,1291,724
#ERR 179,89,759,674,848,853
#ERR 205,102,899,654,1001,859
#ERR 194,97,589,728,686,922
#ERR 132,66,894,372,960,504
#ERR 111,55,157,485,212,596
#ERR 120,60,1174,522,1234,642
#ERR 299,150,1050,598,1200,897
#ERR 273,136,785,68,921,341
#ERR 261,130,848,250,978,511
#ERR 249,124,486,642,610,891
#ERR 336,168,795,610,963,946
#ERR 345,173,264,595,437,940
#ERR 315,158,1231,602,1389,917
#SDC Ite:10 KerTime:0.390542 AccTime:4.305709 KerErr:411 AccErr:4466
#IT Ite:11 KerTime:0.385227 AccTime:4.690936
#ERR 135,67,844,477,911,612
#ERR 151,75,1216,573,1291,724
#ERR 179,89,759,674,848,853
#ERR 205,102,899,654,1001,859
#ERR 194,97,589,728,686,922
#ERR 132,66,894,372,960,504
#ERR 111,55,157,485,212,596
#ERR 120,60,1174,522,1234,642
#ERR 299,150,1050,598,1200,897
#ERR 249,124,486,642,610,891
#ERR 345,173,264,595,437,940
#ERR 336,168,795,610,963,946
#ERR 315,158,1231,602,1389,917
#ERR 273,136,785,68,921,341
#ERR 261,130,848,250,978,511
#SDC Ite:11 KerTime:0.385227 AccTime:4.690936 KerErr:412 AccErr:4878
#IT Ite:12 KerTime:0.397188 AccTime:5.088124
#ERR 111,55,157,485,212,596
#ERR 135,67,844,477,911,612
#ERR 120,60,1174,522,1234,642
#ERR 151,75,1216,573,1291,724
#ERR 179,89,759,674,848,853
#ERR 205,102,899,654,1001,859
#ERR 194,97,589,728,686,922
#ERR 132,66,894,372,960,504
#ERR 299,150,1050,598,1200,897
#ERR 273,136,785,68,921,341
#ERR 261,130,848,250,978,511
#ERR 249,124,486,642,610,891
#ERR 336,168,795,610,963,946
#ERR 345,173,264,595,437,940
#ERR 315,158,1231,602,1389,917
#SDC Ite:12 KerTime:0.397188 AccTime:5.088124 KerErr:413 AccErr:5291
#IT Ite:13 KerTime:0.403901 AccTime:5.492025
#ERR 135,67,844,477,911,612
#ERR 151,75,1216,573,1291,724
#ERR 179,89,759,674,848,853
#ERR 205,102,899,654,1001,859
#ERR 194,97,589,728,686,922
#ERR 111,55,157,485,212,596
#ERR 299,150,1050,598,1200,897
#ERR 132,66,894,372,960,504
#ERR 120,60,1174,522,1234,642
#ERR 273,136,785,68,921,341
#ERR 336,168,795,610,963,946
#ERR 249,124,486,642,610,891
#ERR 261,130,848,250,978,511
#ERR 345,173,264,595,437,940
#ERR 315,158,1231,602,1389,917
#SDC Ite:13 KerTime:0.403901 AccTime:5.492025 KerErr:414 AccErr:5705
#IT Ite:14 KerTime:0.407946 AccTime:5.899971
#ERR 135,67,844,477,911,612
#ERR 151,75,1216,573,1291,724
#ERR 179,89,759,674,848,853
#ERR 205,102,899,654,1001,859
#ERR 194,97,589,728,686,922
#ERR 132,66,894,372,960,504
#ERR 299,150,1050,598,1200,897
#ERR 111,55,157,485,212,596
#ERR 120,60,1174,522,1234,642
#ERR 273,136,785,68,921,341
#ERR 336,168,795,610,963,946
#ERR 261,130,848,250,978,511
#ERR 249,124,486,642,610,891
#ERR 315,158,1231,602,1389,917
#ERR 345,173,264,595,437,940
#SDC Ite:14 KerTime:0.407946 AccTime:5.899971 KerErr:415 AccErr:6120
#IT Ite:15 KerTime:0.414421 AccTime:6.314392
#ERR 132,66,894,372,960,504
#ERR 135,67,844,477,911,612
#ERR 151,75,1216,573,1291,724
#ERR 179,89,759,674,848,853
#ERR 111,55,157,485,212,596
#ERR 120,60,1174,522,1234,642
#ERR 205,102,899,654,1001,859
#ERR 194,97,589,728,686,922
#ERR 299,150,1050,598,1200,897
#ERR 273,136,785,68,921,341
#ERR 261,130,848,250,978,511
#ERR 249,124,486,642,610,891
#ERR 336,168,795,610,963,946
#ERR 345,173,264,595,437,940
#ERR 315,158,1231,602,1389,917
#SDC Ite:15 KerTime:0.414421 AccTime:6.314392 KerErr:416 AccErr:6536
#IT Ite:16 KerTime:0.359201 AccTime:6.673593
#ERR 111,55,157,485,212,596
#ERR 135,67,844,477,911,612
#ERR 151,75,1216,573,1291,724
#ERR 179,89,759,674,848,853
#ERR 132,66,894,372,960,504
#ERR 205,102,899,654,1001,859
#ERR 194,97,589,728,686,922
#ERR 120,60,1174,522,1234,642
#ERR 299,150,1050,598,1200,897
#ERR 273,136,785,68,921,341
#ERR 261,130,848,250,978,511
#ERR 249,124,486,642,610,891
#ERR 336,168,795,610,963,946
#ERR 345,173,264,595,437,940
#ERR 315,158,1231,602,1389,917
#SDC Ite:16 KerTime:0.359201 AccTime:6.673593 KerErr:417 AccErr:6953
#IT Ite:17 KerTime:0.390497 AccTime:7.064090
#ERR 135,67,844,477,911,612
#ERR 151,75,1216,573,1291,724
#ERR 179,89,759,674,848,853
#ERR 205,102,899,654,1001,859
#ERR 194,97,589,728,686,922
#ERR 132,66,894,372,960,504
#ERR 111,55,157,485,212,596
#ERR 120,60,1174,522,1234,642
#ERR 299,150,1050,598,1200,897
#ERR 249,124,486,642,610,891
#ERR 273,136,785,68,921,341
#ERR 261,130,848,250,978,511
#ERR 345,173,264,595,437,940
#ERR 336,168,795,610,963,946
#ERR 315,158,1231,602,1389,917
#SDC Ite:17 KerTime:0.390497 AccTime:7.064090 KerErr:418 AccErr:7371
#IT Ite:18 KerTime:0.367900 AccTime:7.431990
#ERR 111,55,157,485,212,596
#ERR 135,67,844,477,911,612
#ERR 120,60,1174,522,1234,642
#ERR 151,75,1216,573,1291,724
#ERR 179,89,759,674,848,853
#ERR 205,102,899,654,1001,859
#ERR 194,97,589,728,686,922
#ERR 132,66,894,372,960,504
#ERR 299,150,1050,598,1200,897
#ERR 249,124,486,642,610,891
#ERR 273,136,785,68,921,341
#ERR 261,130,848,250,978,511
#ERR 336,168,795,610,963,946
#ERR 345,173,264,595,437,940
#ERR 315,158,1231,602,1389,917
#SDC Ite:18 KerTime:0.367900 AccTime:7.431990 KerErr:419 AccErr:7790
#IT Ite:19 KerTime:0.409545 AccTime:7.841535
#ERR 135,67,844,477,911,612
#ERR 151,75,1216,573,1291,724
#ERR 179,89,759,674,848,853
#ERR 205,102,899,654,1001,859
#ERR 194,97,589,728,686,922
#ERR 132,66,894,372,960,504
#ERR 111,55,157,485,212,596
#ERR 120,60,1174,522,1234,642
#ERR 299,150,1050,598,1200,897
#ERR 249,124,486,642,610,891
#ERR 273,136,785,68,921,341
#ERR 261,130,848,250,978,511
#ERR 345,173,264,595,437,940
#ERR 336,168,795,610,963,946
#ERR 315,158,1231,602,1389,917
#SDC Ite:19 KerTime:0.409545 AccTime:7.841535 KerErr:420 AccErr:8210
#IT Ite:20 KerTime:0.408511 AccTime:8.250046
#ERR 132,66,894,372,960,504
#ERR 111,55,157,485,212,596
#ERR 135,67,844,477,911,612
#ERR 120,60,1174,522,1234,642
#ERR 151,75,1216,573,1291,724
#ERR 179,89,759,674,848,853
#ERR 205,102,899,654,1001,859
#ERR 194,97,589,728,686,922
#ERR 273,136,785,68,921,341
#ERR 261,130,848,250,978,511
#ERR 249,124,486,642,610,891
#ERR 299,150,1050,598,1200,897
#ERR 336,168,795,610,963,946
#ERR 315,158,1231,602,1389,917
#ERR 345,173,264,595,437,940
#SDC Ite:20 KerTime:0.408511 AccTime:8.250046 KerErr:421 AccErr:8631
#IT Ite:21 KerTime:0.412231 AccTime:8.662277
#ERR 132,66,894,372,960,504
#ERR 135,67,844,477,911,612
#ERR 151,75,1216,573,1291,724
#ERR 179,89,759,674,848,853
#ERR 205,102,899,654,1001,859
#ERR 194,97,589,728,686,922
#ERR 111,55,157,485,212,596
#ERR 120,60,1174,522,1234,642
#ERR 299,150,1050,598,1200,897
#ERR 273,136,785,68,921,341
#ERR 336,168,795,610,963,946
#ERR 315,158,1231,602,1389,917
#ERR 345,173,264,595,437,940
#ERR 261,130,848,250,978,511
#ERR 249,124,486,642,610,891
#SDC Ite:21 KerTime:0.412231 AccTime:8.662277 KerErr:422 AccErr:9053
#IT Ite:22 KerTime:0.377881 AccTime:9.040158
#ERR 132,66,894,372,960,504
#ERR 111,55,157,485,212,596
#ERR 135,67,844,477,911,612
#ERR 120,60,1174,522,1234,642
#ERR 151,75,1216,573,1291,724
#ERR 179,89,759,674,848,853
#ERR 205,102,899,654,1001,859
#ERR 194,97,589,728,686,922
#ERR 299,150,1050,598,1200,897
#ERR 273,136,785,68,921,341
#ERR 261,130,848,250,978,511
#ERR 249,124,486,642,610,891
#ERR 336,168,795,610,963,946
#ERR 345,173,264,595,437,940
#ERR 315,158,1231,602,1389,917
#SDC Ite:22 KerTime:0.377881 AccTime:9.040158 KerErr:423 AccErr:9476
#IT Ite:23 KerTime:0.428942 AccTime:9.469100
#ERR 132,66,894,372,960,504
#ERR 111,55,157,485,212,596
#ERR 135,67,844,477,911,612
#ERR 120,60,1174,522,1234,642
#ERR 151,75,1216,573,1291,724
#ERR 179,89,759,674,848,853
#ERR 205,102,899,654,1001,859
#ERR 194,97,589,728,686,922
#ERR 299,150,1050,598,1200,897
#ERR 273,136,785,68,921,341
#ERR 261,130,848,250,978,511
#ERR 249,124,486,642,610,891
#ERR 336,168,795,610,963,946
#ERR 345,173,264,595,437,940
#ERR 315,158,1231,602,1389,917
#SDC Ite:23 KerTime:0.428942 AccTime:9.469100 KerErr:424 AccErr:9900
#IT Ite:24 KerTime:0.408885 AccTime:9.877985
#ERR 135,67,844,477,911,612
#ERR 151,75,1216,573,1291,724
#ERR 179,89,759,674,848,853
#ERR 205,102,899,654,1001,859
#ERR 194,97,589,728,686,922
#ERR 111,55,157,485,212,596
#ERR 132,66,894,372,960,504
#ERR 120,60,1174,522,1234,642
#ERR 299,150,1050,598,1200,897
#ERR 273,136,785,68,921,341
#ERR 261,130,848,250,978,511
#ERR 249,124,486,642,610,891
#ERR 336,168,795,610,963,946
#ERR 345,173,264,595,437,940
#ERR 315,158,1231,602,1389,917
#SDC Ite:24 KerTime:0.408885 AccTime:9.877985 KerErr:425 AccErr:10325
#IT Ite:25 KerTime:0.397802 AccTime:10.275787
#ERR 132,66,894,372,960,504
#ERR 111,55,157,485,212,596
#ERR 135,67,844,477,911,612
#ERR 120,60,1174,522,1234,642
#ERR 151,75,1216,573,1291,724
#ERR 179,89,759,674,848,853
#ERR 205,102,899,654,1001,859
#ERR 194,97,589,728,686,922
#ERR 299,150,1050,598,1200,897
#ERR 273,136,785,68,921,341
#ERR 261,130,848,250,978,511
#ERR 249,124,486,642,610,891
#ERR 336,168,795,610,963,946
#ERR 315,158,1231,602,1389,917
#ERR 345,173,264,595,437,940
#SDC Ite:25 KerTime:0.397802 AccTime:10.275787 KerErr:426 AccErr:10751
#IT Ite:26 KerTime:0.390317 AccTime:10.666104
#ERR 135,67,844,477,911,612
#ERR 151,75,1216,573,1291,724
#ERR 179,89,759,674,848,853
#ERR 205,102,899,654,1001,859
#ERR 194,97,589,728,686,922
#ERR 132,66,894,372,960,504
#ERR 111,55,157,485,212,596
#ERR 120,60,1174,522,1234,642
#ERR 299,150,1050,598,1200,897
#ERR 249,124,486,642,610,891
#ERR 273,136,785,68,921,341
#ERR 261,130,848,250,978,511
#ERR 345,173,264,595,437,940
#ERR 336,168,795,610,963,946
#ERR 315,158,1231,602,1389,917
#SDC Ite:26 KerTime:0.390317 AccTime:10.666104 KerErr:427 AccErr:11178
#IT Ite:27 KerTime:0.399913 AccTime:11.066017
#ERR 151,75,1216,573,1291,724
#ERR 179,89,759,674,848,853
#ERR 205,102,899,654,1001,859
#ERR 194,97,589,728,686,922
#ERR 135,67,844,477,911,612
#ERR 132,66,894,372,960,504
#ERR 111,55,157,485,212,596
#ERR 120,60,1174,522,1234,642
#ERR 299,150,1050,598,1200,897
#ERR 273,136,785,68,921,341
#ERR 261,130,848,250,978,511
#ERR 249,124,486,642,610,891
#ERR 336,168,795,610,963,946
#ERR 345,173,264,595,437,940
#ERR 315,158,1231,602,1389,917
#SDC Ite:27 KerTime:0.399913 AccTime:11.066017 KerErr:428 AccErr:11606
#IT Ite:28 KerTime:0.397434 AccTime:11.463451
#ERR 151,75,1216,573,1291,724
#ERR 179,89,759,674,848,853
#ERR 205,102,899,654,1001,859
#ERR 194,97,589,728,686,922
#ERR 135,67,844,477,911,612
#ERR 111,55,157,485,212,596
#ERR 299,150,1050,598,1200,897
#ERR 120,60,1174,522,1234,642
#ERR 132,66,894,372,960,504
#ERR 249,124,486,642,610,891
#ERR 273,136,785,68,921,341
#ERR 261,130,848,250,978,511
#ERR 336,168,795,610,963,946
#ERR 345,173,264,595,437,940
#ERR 315,158,1231,602,1389,917
#SDC Ite:28 KerTime:0.397434 AccTime:11.463451 KerErr:429 AccErr:12035
#IT Ite:29 KerTime:0.365492 AccTime:11.828943
#ERR 151,75,1216,573,1291,724
#ERR 179,89,759,674,848,853
#ERR 205,102,899,654,1001,859
#ERR 194,97,589,728,686,922
#ERR 111,55,157,485,212,596
#ERR 135,67,844,477,911,612
#ERR 132,66,894,372,960,504
#ERR 120,60,1174,522,1234,642
#ERR 299,150,1050,598,1200,897
#ERR 273,136,785,68,921,341
#ERR 261,130,848,250,978,511
#ERR 249,124,486,642,610,891
#ERR 336,168,795,610,963,946
#ERR 345,173,264,595,437,940
#ERR 315,158,1231,602,1389,917
#SDC Ite:29 KerTime:0.365492 AccTime:11.828943 KerErr:430 AccErr:12465
#IT Ite:30 KerTime:0.398282 AccTime:12.227225
#ERR 151,75,1216,573,1291,724
#ERR 179,89,759,674,848,853
#ERR 205,102,899,654,1001,859
#ERR 194,97,589,728,686,922
#ERR 135,67,844,477,911,612
#ERR 132,66,894,372,960,504
#ERR 111,55,157,485,212,596
#ERR 120,60,1174,522,1234,642
#ERR 299,150,1050,598,1200,897
#ERR 273,136,785,68,921,341
#ERR 261,130,848,250,978,511
#ERR 249,124,486,642,610,891
#ERR 345,173,264,595,437,940
#ERR 336,168,795,610,963,946
#ERR 315,158,1231,602,1389,917
#SDC Ite:30 KerTime:0.398282 AccTime:12.227225 KerErr:431 AccErr:12896
#IT Ite:31 KerTime:0.440400 AccTime:12.667625
#ERR 132,66,894,372,960,504
#ERR 135,67,844,477,911,612
#ERR 151,75,1216,573,1291,724
#ERR 179,89,759,674,848,853
#ERR 111,55,157,485,212,596
#ERR 120,60,1174,522,1234,642
#ERR 205,102,899,654,1001,859
#ERR 194,97,589,728,686,922
#ERR 299,150,1050,598,1200,897
#ERR 249,124,486,642,610,891
#ERR 273,136,785,68,921,341
#ERR 261,130,848,250,978,511
#ERR 336,168,795,610,963,946
#ERR 345,173,264,595,437,940
#ERR 315,158,1231,602,1389,917
#SDC Ite:31 KerTime:0.440400 AccTime:12.667625 KerErr:432 AccErr:13328
#IT Ite:32 KerTime:0.393934 AccTime:13.061559
#ERR 151,75,1216,573,1291,724
#ERR 179,89,759,674,848,853
#ERR 205,102,899,654,1001,859
#ERR 194,97,589,728,686,922
#ERR 132,66,894,372,960,504
#ERR 111,55,157,485,212,596
#ERR 135,67,844,477,911,612
#ERR 120,60,1174,522,1234,642
#ERR 299,150,1050,598,1200,897
#ERR 273,136,785,68,921,341
#ERR 261,130,848,250,978,511
#ERR 249,124,486,642,610,891
#ERR 336,168,795,610,963,946
#ERR 345,173,264,595,437,940
#ERR 315,158,1231,602,1389,917
#SDC Ite:32 KerTime:0.393934 AccTime:13.061559 KerErr:433 AccErr:13761
#IT Ite:33 KerTime:0.396045 AccTime:13.457604
#ERR 151,75,1216,573,1291,724
#ERR 179,89,759,674,848,853
#ERR 205,102,899,654,1001,859
#ERR 194,97,589,728,686,922
#ERR 135,67,844,477,911,612
#ERR 132,66,894,372,960,504
#ERR 111,55,157,485,212,596
#ERR 120,60,1174,522,1234,642
#ERR 299,150,1050,598,1200,897
#ERR 273,136,785,68,921,341
#ERR 261,130,848,250,978,511
#ERR 249,124,486,642,610,891
#ERR 336,168,795,610,963,946
#ERR 345,173,264,595,437,940
#ERR 315,158,1231,602,1389,917
#SDC Ite:33 KerTime:0.396045 AccTime:13.457604 KerErr:434 AccErr:14195
#IT Ite:34 KerTime:0.389950 AccTime:13.847554
#ERR 135,67,844,477,911,612
#ERR 151,75,1216,573,1291,724
#ERR 179,89,759,674,848,853
#ERR 205,102,899,654,1001,859
#ERR 194,97,589,728,686,922
#ERR 111,55,157,485,212,596
#ERR 132,66,894,372,960,504
#ERR 120,60,1174,522,1234,642
#ERR 299,150,1050,598,1200,897
#ERR 273,136,785,68,921,341
#ERR 261,130,848,250,978,511
#ERR 249,124,486,642,610,891
#ERR 336,168,795,610,963,946
#ERR 315,158,1231,602,1389,917
#ERR 345,173,264,595,437,940
#SDC Ite:34 KerTime:0.389950 AccTime:13.847554 KerErr:435 AccErr:14630
#IT Ite:35 KerTime:0.397109 AccTime:14.244663
#ERR 151,75,1216,573,1291,724
#ERR 179,89,759,674,848,853
#ERR 205,102,899,654,1001,859
#ERR 194,97,589,728,686,922
#ERR 135,67,844,477,911,612
#ERR 132,66,894,372,960,504
#ERR 111,55,157,485,212,596
#ERR 120,60,1174,522,1234,642
#ERR 299,150,1050,598,1200,897
#ERR 273,136,785,68,921,341
#ERR 261,130,848,250,978,511
#ERR 249,124,486,642,610,891
#ERR 336,168,795,610,963,946
#ERR 345,173,264,595,437,940
#ERR 315,158,1231,602,1389,917
#SDC Ite:35 KerTime:0.397109 AccTime:14.244663 KerErr:436 AccErr:15066
#IT Ite:36 KerTime:0.403028 AccTime:14.647691
#ERR 151,75,1216,573,1291,724
#ERR 179,89,759,674,848,853
#ERR 205,102,899,654,1001,859
#ERR 194,97,589,728,686,922
#ERR 135,67,844,477,911,612
#ERR 132,66,894,372,960,504
#ERR 111,55,157,485,212,596
#ERR 120,60,1174,522,1234,642
#ERR 299,150,1050,598,1200,897
#ERR 273,136,785,68,921,341
#ERR 261,130,848,250,978,511
#ERR 249,124,486,642,610,891
#ERR 345,173,264,595,437,940
#ERR 336,168,795,610,963,946
#ERR 315,158,1231,602,1389,917
#SDC Ite:36 KerTime:0.403028 AccTime:14.647691 KerErr:437 AccErr:15503
#IT Ite:37 KerTime:0.416384 AccTime:15.064075
#ERR 132,66,894,372,960,504
#ERR 111,55,157,485,212,596
#ERR 135,67,844,477,911,612
#ERR 120,60,1174,522,1234,642
#ERR 151,75,1216,573,1291,724
#ERR 179,89,759,674,848,853
#ERR 205,102,899,654,1001,859
#ERR 194,97,589,728,686,922
#ERR 299,150,1050,598,1200,897
#ERR 273,136,785,68,921,341
#ERR 261,130,848,250,978,511
#ERR 249,124,486,642,610,891
#ERR 336,168,795,610,963,946
#ERR 315,158,1231,602,1389,917
#ERR 345,173,264,595,437,940
#SDC Ite:37 KerTime:0.416384 AccTime:15.064075 KerErr:438 AccErr:15941
#IT Ite:38 KerTime:0.430207 AccTime:15.494282
#ERR 151,75,1216,573,1291,724
#ERR 179,89,759,674,848,853
#ERR 205,102,899,654,1001,859
#ERR 194,97,589,728,686,922
#ERR 135,67,844,477,911,612
#ERR 111,55,157,485,212,596
#ERR 132,66,894,372,960,504
#ERR 120,60,1174,522,1234,642
#ERR 299,150,1050,598,1200,897
#ERR 273,136,785,68,921,341
#ERR 336,168,795,610,963,946
#ERR 315,158,1231,602,1389,917
#ERR 345,173,264,595,437,940
#ERR 261,130,848,250,978,511
#ERR 249,124,486,642,610,891
#SDC Ite:38 KerTime:0.430207 AccTime:15.494282 KerErr:439 AccErr:16380
#IT Ite:39 KerTime:0.387134 AccTime:15.881416
#ERR 135,67,844,477,911,612
#ERR 151,75,1216,573,1291,724
#ERR 179,89,759,674,848,853
#ERR 111,55,157,485,212,596
#ERR 132,66,894,372,960,504
#ERR 205,102,899,654,1001,859
#ERR 194,97,589,728,686,922
#ERR 120,60,1174,522,1234,642
#ERR 299,150,1050,598,1200,897
#ERR 273,136,785,68,921,341
#ERR 261,130,848,250,978,511
#ERR 249,124,486,642,610,891
#ERR 336,168,795,610,963,946
#ERR 345,173,264,595,437,940
#ERR 315,158,1231,602,1389,917
#SDC Ite:39 KerTime:0.387134 AccTime:15.881416 KerErr:440 AccErr:16820
#IT Ite:40 KerTime:0.417718 AccTime:16.299134
#ERR 135,67,844,477,911,612
#ERR 151,75,1216,573,1291,724
#ERR 179,89,759,674,848,853
#ERR 205,102,899,654,1001,859
#ERR 194,97,589,728,686,922
#ERR 111,55,157,485,212,596
#ERR 132,66,894,372,960,504
#ERR 120,60,1174,522,1234,642
#ERR 299,150,1050,598,1200,897
#ERR 249,124,486,642,610,891
#ERR 273,136,785,68,921,341
#ERR 336,168,795,610,963,946
#ERR 261,130,848,250,978,511
#ERR 345,173,264,595,437,940
#ERR 315,158,1231,602,1389,917
#SDC Ite:40 KerTime:0.417718 AccTime:16.299134 KerErr:441 AccErr:17261
#IT Ite:41 KerTime:0.403660 AccTime:16.702794
#ERR 151,75,1216,573,1291,724
#ERR 179,89,759,674,848,853
#ERR 205,102,899,654,1001,859
#ERR 194,97,589,728,686,922
#ERR 111,55,157,485,212,596
#ERR 135,67,844,477,911,612
#ERR 120,60,1174,522,1234,642
#ERR 132,66,894,372,960,504
#ERR 299,150,1050,598,1200,897
#ERR 273,136,785,68,921,341
#ERR 261,130,848,250,978,511
#ERR 249,124,486,642,610,891
#ERR 336,168,795,610,963,946
#ERR 345,173,264,595,437,940
#ERR 315,158,1231,602,1389,917
#SDC Ite:41 KerTime:0.403660 AccTime:16.702794 KerErr:442 AccErr:17703
#IT Ite:42 KerTime:0.397661 AccTime:17.100455
#ERR 135,67,844,477,911,612
#ERR 151,75,1216,573,1291,724
#ERR 179,89,759,674,848,853
#ERR 205,102,899,654,1001,859
#ERR 194,97,589,728,686,922
#ERR 299,150,1050,598,1200,897
#ERR 132,66,894,372,960,504
#ERR 111,55,157,485,212,596
#ERR 120,60,1174,522,1234,642
#ERR 273,136,785,68,921,341
#ERR 261,130,848,250,978,511
#ERR 249,124,486,642,610,891
#ERR 336,168,795,610,963,946
#ERR 345,173,264,595,437,940
#ERR 315,158,1231,602,1389,917
#SDC Ite:42 KerTime:0.397661 AccTime:17.100455 KerErr:443 AccErr:18146
#IT Ite:43 KerTime:0.410706 AccTime:17.511161
#ERR 135,67,844,477,911,612
#ERR 151,75,1216,573,1291,724
#ERR 179,89,759,674,848,853
#ERR 111,55,157,485,212,596
#ERR 120,60,1174,522,1234,642
#ERR 205,102,899,654,1001,859
#ERR 132,66,894,372,960,504
#ERR 194,97,589,728,686,922
#ERR 299,150,1050,598,1200,897
#ERR 273,136,785,68,921,341
#ERR 336,168,795,610,963,946
#ERR 261,130,848,250,978,511
#ERR 249,124,486,642,610,891
#ERR 315,158,1231,602,1389,917
#ERR 345,173,264,595,437,940
#SDC Ite:43 KerTime:0.410706 AccTime:17.511161 KerErr:444 AccErr:18590
#IT Ite:44 KerTime:0.418546 AccTime:17.929707
#ERR 132,66,894,372,960,504
#ERR 111,55,157,485,212,596
#ERR 135,67,844,477,911,612
#ERR 120,60,1174,522,1234,642
#ERR 151,75,1216,573,1291,724
#ERR 179,89,759,674,848,853
#ERR 205,102,899,654,1001,859
#ERR 194,97,589,728,686,922
#ERR 299,150,1050,598,1200,897
#ERR 273,136,785,68,921,341
#ERR 261,130,848,250,978,511
#ERR 249,124,486,642,610,891
#ERR 336,168,795,610,963,946
#ERR 345,173,264,595,437,940
#ERR 315,158,1231,602,1389,917
#SDC Ite:44 KerTime:0.418546 AccTime:17.929707 KerErr:445 AccErr:19035
#IT Ite:45 KerTime:0.407200 AccTime:18.336907
#ERR 151,75,1216,573,1291,724
#ERR 179,89,759,674,848,853
#ERR 205,102,899,654,1001,859
#ERR 194,97,589,728,686,922
#ERR 135,67,844,477,911,612
#ERR 132,66,894,372,960,504
#ERR 111,55,157,485,212,596
#ERR 120,60,1174,522,1234,642
#ERR 299,150,1050,598,1200,897
#ERR 273,136,785,68,921,341
#ERR 336,168,795,610,963,946
#ERR 261,130,848,250,978,511
#ERR 249,124,486,642,610,891
#ERR 345,173,264,595,437,940
#ERR 315,158,1231,602,1389,917
#SDC Ite:45 KerTime:0.407200 AccTime:18.336907 KerErr:446 AccErr:19481
#IT Ite:46 KerTime:0.409028 AccTime:18.745935
#ERR 151,75,1216,573,1291,724
#ERR 179,89,759,674,848,853
#ERR 205,102,899,654,1001,859
#ERR 194,97,589,728,686,922
#ERR 135,67,844,477,911,612
#ERR 132,66,894,372,960,504
#ERR 299,150,1050,598,1200,897
#ERR 111,55,157,485,212,596
#ERR 120,60,1174,522,1234,642
#ERR 273,136,785,68,921,341
#ERR 261,130,848,250,978,511
#ERR 249,124,486,642,610,891
#ERR 336,168,795,610,963,946
#ERR 315,158,1231,602,1389,917
#ERR 345,173,264,595,437,940
#SDC Ite:46 KerTime:0.409028 AccTime:18.745935 KerErr:447 AccErr:19928
#IT Ite:47 KerTime:0.383846 AccTime:19.129781
#ERR 111,55,157,485,212,596
#ERR 135,67,844,477,911,612
#ERR 120,60,1174,522,1234,642
#ERR 151,75,1216,573,1291,724
#ERR 179,89,759,674,848,853
#ERR 205,102,899,654,1001,859
#ERR 194,97,589,728,686,922
#ERR 132,66,894,372,960,504
#ERR 299,150,1050,598,1200,897
#ERR 273,136,785,68,921,341
#ERR 261,130,848,250,978,511
#ERR 249,124,486,642,610,891
#ERR 336,168,795,610,963,946
#ERR 345,173,264,595,437,940
#ERR 315,158,1231,602,1389,917
#SDC Ite:47 KerTime:0.383846 AccTime:19.129781 KerErr:448 AccErr:20376
#IT Ite:48 KerTime:0.437369 AccTime:19.567150
#ERR 132,66,894,372,960,504
#ERR 111,55,157,485,212,596
#ERR 135,67,844,477,911,612
#ERR 120,60,1174,522,1234,642
#ERR 151,75,1216,573,1291,724
#ERR 179,89,759,674,848,853
#ERR 205,102,899,654,1001,859
#ERR 194,97,589,728,686,922
#ERR 299,150,1050,598,1200,897
#ERR 273,136,785,68,921,341
#ERR 261,130,848,250,978,511
#ERR 249,124,486,642,610,891
#ERR 336,168,795,610,963,946
#ERR 345,173,264,595,437,940
#ERR 315,158,1231,602,1389,917
#SDC Ite:48 KerTime:0.437369 AccTime:19.567150 KerErr:449 AccErr:20825
#IT Ite:49 KerTime:0.391486 AccTime:19.958636
#ERR 151,75,1216,573,1291,724
#ERR 179,89,759,674,848,853
#ERR 205,102,899,654,1001,859
#ERR 194,97,589,728,686,922
#ERR 135,67,844,477,911,612
#ERR 132,66,894,372,960,504
#ERR 111,55,157,485,212,596
#ERR 120,60,1174,522,1234,642
#ERR 299,150,1050,598,1200,897
#ERR 273,136,785,68,921,341
#ERR 261,130,848,250,978,511
#ERR 249,124,486,642,610,891
#ERR 336,168,795,610,963,946
#ERR 345,173,264,595,437,940
#ERR 315,158,1231,602,1389,917
#SDC Ite:49 KerTime:0.391486 AccTime:19.958636 KerErr:450 AccErr:21275
#IT Ite:50 KerTime:0.389981 AccTime:20.348617
#ERR 151,75,1216,573,1291,724
#ERR 179,89,759,674,848,853
#ERR 205,102,899,654,1001,859
#ERR 194,97,589,728,686,922
#ERR 135,67,844,477,911,612
#ERR 111,55,157,485,212,596
#ERR 132,66,894,372,960,504
#ERR 120,60,1174,522,1234,642
#ERR 299,150,1050,598,1200,897
#ERR 273,136,785,68,921,341
#ERR 261,130,848,250,978,511
#ERR 249,124,486,642,610,891
#ERR 336,168,795,610,963,946
#ERR 345,173,264,595,437,940
#ERR 315,158,1231,602,1389,917
#SDC Ite:50 KerTime:0.389981 AccTime:20.348617 KerErr:451 AccErr:21726
#IT Ite:51 KerTime:0.401094 AccTime:20.749711
#ERR 151,75,1216,573,1291,724
#ERR 179,89,759,674,848,853
#ERR 205,102,899,654,1001,859
#ERR 194,97,589,728,686,922
#ERR 135,67,844,477,911,612
#ERR 132,66,894,372,960,504
#ERR 111,55,157,485,212,596
#ERR 120,60,1174,522,1234,642
#ERR 299,150,1050,598,1200,897
#ERR 273,136,785,68,921,341
#ERR 261,130,848,250,978,511
#ERR 249,124,486,642,610,891
#ERR 336,168,795,610,963,946
#ERR 345,173,264,595,437,940
#ERR 315,158,1231,602,1389,917
#SDC Ite:51 KerTime:0.401094 AccTime:20.749711 KerErr:452 AccErr:22178
#IT Ite:52 KerTime:0.404813 AccTime:21.154524
#ERR 151,75,1216,573,1291,724
#ERR 179,89,759,674,848,853
#ERR 205,102,899,654,1001,859
#ERR 194,97,589,728,686,922
#ERR 135,67,844,477,911,612
#ERR 132,66,894,372,960,504
#ERR 111,55,157,485,212,596
#ERR 120,60,1174,522,1234,642
#ERR 299,150,1050,598,1200,897
#ERR 273,136,785,68,921,341
#ERR 261,130,848,250,978,511
#ERR 249,124,486,642,610,891
#ERR 336,168,795,610,963,946
#ERR 345,173,264,595,437,940
#ERR 315,158,1231,602,1389,917
#SDC Ite:52 KerTime:0.404813 AccTime:21.154524 KerErr:453 AccErr:22631
#IT Ite:53 KerTime:0.405814 AccTime:21.560338
#ERR 151,75,1216,573,1291,724
#ERR 179,89,759,674,848,853
#ERR 205,102,899,654,1001,859
#ERR 194,97,589,728,686,922
#ERR 135,67,844,477,911,612
#ERR 132,66,894,372,960,504
#ERR 111,55,157,485,212,596
#ERR 120,60,1174,522,1234,642
#ERR 299,150,1050,598,1200,897
#ERR 273,136,785,68,921,341
#ERR 261,130,848,250,978,511
#ERR 249,124,486,642,610,891
#ERR 336,168,795,610,963,946
#ERR 345,173,264,595,437,940
#ERR 315,158,1231,602,1389,917
#SDC Ite:53 KerTime:0.405814 AccTime:21.560338 KerErr:454 AccErr:23085
#IT Ite:54 KerTime:0.401244 AccTime:21.961582
#ERR 132,66,894,372,960,504
#ERR 111,55,157,485,212,596
#ERR 135,67,844,477,911,612
#ERR 120,60,1174,522,1234,642
#ERR 151,75,1216,573,1291,724
#ERR 179,89,759,674,848,853
#ERR 205,102,899,654,1001,859
#ERR 194,97,589,728,686,922
#ERR 299,150,1050,598,1200,897
#ERR 249,124,486,642,610,891
#ERR 273,136,785,68,921,341
#ERR 261,130,848,250,978,511
#ERR 336,168,795,610,963,946
#ERR 315,158,1231,602,1389,917
#ERR 345,173,264,595,437,940
#SDC Ite:54 KerTime:0.401244 AccTime:21.961582 KerErr:455 AccErr:23540
#IT Ite:55 KerTime:0.406056 AccTime:22.367638
#ERR 135,67,844,477,911,612
#ERR 151,75,1216,573,1291,724
#ERR 179,89,759,674,848,853
#ERR 205,102,899,654,1001,859
#ERR 194,97,589,728,686,922
#ERR 299,150,1050,598,1200,897
#ERR 132,66,894,372,960,504
#ERR 111,55,157,485,212,596
#ERR 120,60,1174,522,1234,642
#ERR 273,136,785,68,921,341
#ERR 261,130,848,250,978,511
#ERR 249,124,486,642,610,891
#ERR 336,168,795,610,963,946
#ERR 345,173,264,595,437,940
#ERR 315,158,1231,602,1389,917
#SDC Ite:55 KerTime:0.406056 AccTime:22.367638 KerErr:456 AccErr:23996
#IT Ite:56 KerTime:0.400771 AccTime:22.768409
#ERR 132,66,894,372,960,504
#ERR 111,55,157,485,212,596
#ERR 135,67,844,477,911,612
#ERR 120,60,1174,522,1234,642
#ERR 151,75,1216,573,1291,724
#ERR 179,89,759,674,848,853
#ERR 205,102,899,654,1001,859
#ERR 194,97,589,728,686,922
#ERR 299,150,1050,598,1200,897
#ERR 273,136,785,68,921,341
#ERR 336,168,795,610,963,946
#ERR 261,130,848,250,978,511
#ERR 249,124,486,642,610,891
#ERR 315,158,1231,602,1389,917
#ERR 345,173,264,595,437,940
#SDC Ite:56 KerTime:0.400771 AccTime:22.768409 KerErr:457 AccErr:24453
#IT Ite:57 KerTime:0.409550 AccTime:23.177959
#ERR 135,67,844,477,911,612
#ERR 151,75,1216,573,1291,724
#ERR 179,89,759,674,848,853
#ERR 111,55,157,485,212,596
#ERR 205,102,899,654,1001,859
#ERR 194,97,589,728,686,922
#ERR 132,66,894,372,960,504
#ERR 120,60,1174,522,1234,642
#ERR 273,136,785,68,921,341
#ERR 261,130,848,250,978,511
#ERR 249,124,486,642,610,891
#ERR 299,150,1050,598,1200,897
#ERR 336,168,795,610,963,946
#ERR 345,173,264,595,437,940
#ERR 315,158,1231,602,1389,917
#SDC Ite:57 KerTime:0.409550 AccTime:23.177959 KerErr:458 AccErr:24911
#IT Ite:58 KerTime:0.394910 AccTime:23.572869
#ERR 111,55,157,485,212,596
#ERR 135,67,844,477,911,612
#ERR 120,60,1174,522,1234,642
#ERR 151,75,1216,573,1291,724
#ERR 179,89,759,674,848,853
#ERR 132,66,894,372,960,504
#ERR 205,102,899,654,1001,859
#ERR 194,97,589,728,686,922
#ERR 299,150,1050,598,1200,897
#ERR 345,173,264,595,437,940
#ERR 336,168,795,610,963,946
#ERR 273,136,785,68,921,341
#ERR 261,130,848,250,978,511
#ERR 249,124,486,642,610,891
#ERR 315,158,1231,602,1389,917
#SDC Ite:58 KerTime:0.394910 AccTime:23.572869 KerErr:459 AccErr:25370
#IT Ite:59 KerTime:0.413221 AccTime:23.986090
#ERR 151,75,1216,573,1291,724
#ERR 179,89,759,674,848,853
#ERR 205,102,899,654,1001,859
#ERR 194,97,589,728,686,922
#ERR 135,67,844,477,911,612
#ERR 111,55,157,485,212,596
#ERR 132,66,894,372,960,504
#ERR 120,60,1174,522,1234,642
#ERR 299,150,1050,598,1200,897
#ERR 273,136,785,68,921,341
#ERR 336,168,795,610,963,946
#ERR 249,124,486,642,610,891
#ERR 315,158,1231,602,1389,917
#ERR 345,173,264,595,437,940
#ERR 261,130,848,250,978,511
#SDC Ite:59 KerTime:0.413221 AccTime:23.986090 KerErr:460 AccErr:25830
#IT Ite:60 KerTime:0.402284 AccTime:24.388374
#ERR 151,75,1216,573,1291,724
#ERR 179,89,759,674,848,853
#ERR 205,102,899,654,1001,859
#ERR 194,97,589,728,686,922
#ERR 111,55,157,485,212,596
#ERR 135,67,844,477,911,612
#ERR 120,60,1174,522,1234,642
#ERR 132,66,894,372,960,504
#ERR 299,150,1050,598,1200,897
#ERR 273,136,785,68,921,341
#ERR 336,168,795,610,963,946
#ERR 249,124,486,642,610,891
#ERR 261,130,848,250,978,511
#ERR 345,173,264,595,437,940
#ERR 315,158,1231,602,1389,917
#SDC Ite:60 KerTime:0.402284 AccTime:24.388374 KerErr:461 AccErr:26291
#IT Ite:61 KerTime:0.428200 AccTime:24.816574
#ERR 135,67,844,477,911,612
#ERR 151,75,1216,573,1291,724
#ERR 179,89,759,674,848,853
#ERR 111,55,157,485,212,596
#ERR 120,60,1174,522,1234,642
#ERR 205,102,899,654,1001,859
#ERR 194,97,589,728,686,922
#ERR 132,66,894,372,960,504
#ERR 299,150,1050,598,1200,897
#ERR 273,136,785,68,921,341
#ERR 336,168,795,610,963,946
#ERR 315,158,1231,602,1389,917
#ERR 249,124,486,642,610,891
#ERR 345,173,264,595,437,940
#ERR 261,130,848,250,978,511
#SDC Ite:61 KerTime:0.428200 AccTime:24.816574 KerErr:462 AccErr:26753
#IT Ite:62 KerTime:0.386168 AccTime:25.202742
#ERR 135,67,844,477,911,612
#ERR 151,75,1216,573,1291,724
#ERR 179,89,759,674,848,853
#ERR 205,102,899,654,1001,859
#ERR 194,97,589,728,686,922
#ERR 132,66,894,372,960,504
#ERR 111,55,157,485,212,596
#ERR 120,60,1174,522,1234,642
#ERR 299,150,1050,598,1200,897
#ERR 273,136,785,68,921,341
#ERR 261,130,848,250,978,511
#ERR 249,124,486,642,610,891
#ERR 336,168,795,610,963,946
#ERR 345,173,264,595,437,940
#ERR 315,158,1231,602,1389,917
#SDC Ite:62 KerTime:0.386168 AccTime:25.202742 KerErr:463 AccErr:27216
#IT Ite:63 KerTime:0.398452 AccTime:25.601194
#ERR 132,66,894,372,960,504
#ERR 111,55,157,485,212,596
#ERR 135,67,844,477,911,612
#ERR 120,60,1174,522,1234,642
#ERR 151,75,1216,573,1291,724
#ERR 179,89,759,674,848,853
#ERR 205,102,899,654,1001,859
#ERR 194,97,589,728,686,922
#ERR 299,150,1050,598,1200,897
#ERR 249,124,486,642,610,891
#ERR 273,136,785,68,921,341
#ERR 261,130,848,250,978,511
#ERR 345,173,264,595,437,940
#ERR 336,168,795,610,963,946
#ERR 315,158,1231,602,1389,917
#SDC Ite:63 KerTime:0.398452 AccTime:25.601194 KerErr:464 AccErr:27680
#IT Ite:64 KerTime:0.393586 AccTime:25.994780
#ERR 135,67,844,477,911,612
#ERR 151,75,1216,573,1291,724
#ERR 179,89,759,674,848,853
#ERR 205,102,899,654,1001,859
#ERR 194,97,589,728,686,922
#ERR 299,150,1050,598,1200,897
#ERR 132,66,894,372,960,504
#ERR 111,55,157,485,212,596
#ERR 120,60,1174,522,1234,642
#ERR 249,124,486,642,610,891
#ERR 273,136,785,68,921,341
#ERR 261,130,848,250,978,511
#ERR 336,168,795,610,963,946
#ERR 345,173,264,595,437,940
#ERR 315,158,1231,602,1389,917
#SDC Ite:64 KerTime:0.393586 AccTime:25.994780 KerErr:465 AccErr:28145
#IT Ite:65 KerTime:0.401413 AccTime:26.396193
#ERR 135,67,844,477,911,612
#ERR 151,75,1216,573,1291,724
#ERR 179,89,759,674,848,853
#ERR 205,102,899,654,1001,859
#ERR 194,97,589,728,686,922
#ERR 111,55,157,485,212,596
#ERR 120,60,1174,522,1234,642
#ERR 132,66,894,372,960,504
#ERR 299,150,1050,598,1200,897
#ERR 273,136,785,68,921,341
#ERR 261,130,848,250,978,511
#ERR 249,124,486,642,610,891
#ERR 336,168,795,610,963,946
#ERR 315,158,1231,602,1389,917
#ERR 345,173,264,595,437,940
#SDC Ite:65 KerTime:0.401413 AccTime:26.396193 KerErr:466 AccErr:28611
#IT Ite:66 KerTime:0.400661 AccTime:26.796854
#ERR 151,75,1216,573,1291,724
#ERR 179,89,759,674,848,853
#ERR 205,102,899,654,1001,859
#ERR 194,97,589,728,686,922
#ERR 135,67,844,477,911,612
#ERR 132,66,894,372,960,504
#ERR 111,55,157,485,212,596
#ERR 120,60,1174,522,1234,642
#ERR 299,150,1050,598,1200,897
#ERR 273,136,785,68,921,341
#ERR 261,130,848,250,978,511
#ERR 249,124,486,642,610,891
#ERR 336,168,795,610,963,946
#ERR 345,173,264,595,437,940
#ERR 315,158,1231,602,1389,917
#SDC Ite:66 KerTime:0.400661 AccTime:26.796854 KerErr:467 AccErr:29078
#IT Ite:67 KerTime:0.396536 AccTime:27.193390
#ERR 151,75,1216,573,1291,724
#ERR 179,89,759,674,848,853
#ERR 205,102,899,654,1001,859
#ERR 194,97,589,728,686,922
#ERR 135,67,844,477,911,612
#ERR 132,66,894,372,960,504
#ERR 111,55,157,485,212,596
#ERR 120,60,1174,522,1234,642
#ERR 299,150,1050,598,1200,897
#ERR 273,136,785,68,921,341
#ERR 261,130,848,250,978,511
#ERR 249,124,486,642,610,891
#ERR 336,168,795,610,963,946
#ERR 345,173,264,595,437,940
#ERR 315,158,1231,602,1389,917
#SDC Ite:67 KerTime:0.396536 AccTime:27.193390 KerErr:468 AccErr:29546
#IT Ite:68 KerTime:0.363922 AccTime:27.557312
#ERR 111,55,157,485,212,596
#ERR 135,67,844,477,911,612
#ERR 151,75,1216,573,1291,724
#ERR 179,89,759,674,848,853
#ERR 205,102,899,654,1001,859
#ERR 194,97,589,728,686,922
#ERR 120,60,1174,522,1234,642
#ERR 132,66,894,372,960,504
#ERR 299,150,1050,598,1200,897
#ERR 273,136,785,68,921,341
#ERR 261,130,848,250,978,511
#ERR 249,124,486,642,610,891
#ERR 336,168,795,610,963,946
#ERR 345,173,264,595,437,940
#ERR 315,158,1231,602,1389,917
#SDC Ite:68 KerTime:0.363922 AccTime:27.557312 KerErr:469 AccErr:30015
#IT Ite:69 KerTime:0.408107 AccTime:27.965419
#ERR 135,67,844,477,911,612
#ERR 151,75,1216,573,1291,724
#ERR 179,89,759,674,848,853
#ERR 205,102,899,654,1001,859
#ERR 194,97,589,728,686,922
#ERR 132,66,894,372,960,504
#ERR 111,55,157,485,212,596
#ERR 120,60,1174,522,1234,642
#ERR 299,150,1050,598,1200,897
#ERR 273,136,785,68,921,341
#ERR 261,130,848,250,978,511
#ERR 249,124,486,642,610,891
#ERR 345,173,264,595,437,940
#ERR 336,168,795,610,963,946
#ERR 315,158,1231,602,1389,917
#SDC Ite:69 KerTime:0.408107 AccTime:27.965419 KerErr:470 AccErr:30485
#IT Ite:70 KerTime:0.383353 AccTime:28.348772
#ERR 135,67,844,477,911,612
#ERR 151,75,1216,573,1291,724
#ERR 179,89,759,674,848,853
#ERR 205,102,899,654,1001,859
#ERR 194,97,589,728,686,922
#ERR 111,55,157,485,212,596
#ERR 132,66,894,372,960,504
#ERR 120,60,1174,522,1234,642
#ERR 299,150,1050,598,1200,897
#ERR 273,136,785,68,921,341
#ERR 261,130,848,250,978,511
#ERR 249,124,486,642,610,891
#ERR 345,173,264,595,437,940
#ERR 336,168,795,610,963,946
#ERR 315,158,1231,602,1389,917
#SDC Ite:70 KerTime:0.383353 AccTime:28.348772 KerErr:471 AccErr:30956
#IT Ite:71 KerTime:0.405455 AccTime:28.754227
#ERR 151,75,1216,573,1291,724
#ERR 179,89,759,674,848,853
#ERR 205,102,899,654,1001,859
#ERR 194,97,589,728,686,922
#ERR 135,67,844,477,911,612
#ERR 111,55,157,485,212,596
#ERR 299,150,1050,598,1200,897
#ERR 132,66,894,372,960,504
#ERR 120,60,1174,522,1234,642
#ERR 273,136,785,68,921,341
#ERR 336,168,795,610,963,946
#ERR 261,130,848,250,978,511
#ERR 249,124,486,642,610,891
#ERR 315,158,1231,602,1389,917
#ERR 345,173,264,595,437,940
#SDC Ite:71 KerTime:0.405455 AccTime:28.754227 KerErr:472 AccErr:31428
#IT Ite:72 KerTime:0.379828 AccTime:29.134055
#ERR 151,75,1216,573,1291,724
#ERR 179,89,759,674,848,853
#ERR 205,102,899,654,1001,859
#ERR 194,97,589,728,686,922
#ERR 135,67,844,477,911,612
